6.809627792137727738e+03,3.961729462405878621e+03,-2.537005096427537021e-01,5.412318779404240443e-02,3.142799253864375828e+02,-8.549916154203367202e-02
3.961729462405878621e+03,2.566490280016668257e+05,3.106087993344212705e+00,4.511763579463251572e-02,4.047671794599522855e+03,2.510835914056984475e+00
-2.537005096427537021e-01,3.106087993344212705e+00,4.229413036079517907e-01,2.568607025766983173e-02,2.815023822617075400e-01,2.026917383950704518e-02
5.412318779404240443e-02,4.511763579463251572e-02,2.568607025766983173e-02,1.765915026258025600e-01,1.915291843358162271e-01,2.648363080836394629e-02
3.142799253864375828e+02,4.047671794599522855e+03,2.815023822617075400e-01,1.915291843358162271e-01,6.899601568724511708e+03,2.589336760619233013e-01
-8.549916154203367202e-02,2.510835914056984475e+00,2.026917383950704518e-02,2.648363080836394629e-02,2.589336760619233013e-01,4.268859507059967195e-01
