Using two part PSO Sample Size:5000 with:9 moments.
Using Times:3
Bounds for Uniform Distribution (0,1)
Blind PSO --> nParts:5000 Nsteps:5
Targeted PSO --> nParts:5 Nsteps:5000
sdbeta:0.1
Reading in data!
Blocking Data!
Using starting row of data:0 and 5000 data pts!
first row X0: 8.83545  7.57343 0.396305
final row X0:1.63756  4.1577 4.69516



Loading in Truk!
Calculating Yt!
did this compute?
seedk:0.168783 0.695054 0.201388 0.463789 0.440666| cost:48399.3
XtmVec:20.0825 4.36791 4.95697 291.145 14.1781 25.8701 64.1448 83.6399 18.5339
YtmVec:12.2638 6.90533 9.08509 80.8221  27.864 77.2399 46.5366 64.0616 42.1849
PSO begins!
underflow!1.27865e-35
pos  0.126486   0.141636 0.00238519  0.0119715   0.313957
overflow!
underflow!0.00144961
pos  0.425726   0.709128   0.973637   0.925633 0.00144961
underflow!3.31014e-07
pos 0.73924 0.744716 0.033303 0.108952 0.551909
underflow!0.00488005
pos 0.441878  0.448988  0.291008 0.0415482 0.0727071
underflow!0.00053369
pos 0.946218  0.200581 0.0910979  0.727567  0.241142
overflow!
overflow!
overflow!
overflow!
underflow!0.00213354
pos 0.826471  0.426947 0.0350355  0.969544  0.112386
underflow!0.00400515
pos  0.516533   0.946364   0.186698 0.00400515   0.515363
overflow!
overflow!
underflow!4.86784e-05
pos 0.270734  0.148209  0.419616 0.0520625  0.265262
underflow!0.00167332
pos  0.592089   0.422897   0.477202   0.291563 0.00167332
underflow!1.3117e-05
pos  0.592089   0.422897   0.477202   0.291563 0.00167332
underflow!0.000812872
pos 0.501769   0.85658   0.14254  0.139368 0.0659978
underflow!6.8319e-08
pos0.807468 0.747842 0.596365 0.773653 0.038984
overflow!
underflow!4.50661e-05
pos   0.835634    0.203896 4.50661e-05     0.86703    0.398753
underflow!0.00225169
pos 0.532423  0.574008  0.550484  0.632387 0.0504702
overflow!
underflow!3.45599e-06
pos 0.759051  0.488176  0.241803 0.0599967  0.482518
underflow!3.14125e-06
pos 0.861645   0.65055  0.040343 0.0563233  0.938247
underflow!2.40672e-07
pos 0.861645   0.65055  0.040343 0.0563233  0.938247
underflow!0.00307023
pos0.543479 0.097897 0.875574   0.9943 0.781039
overflow!
underflow!0.004638
pos0.836822 0.753783 0.308121 0.004638 0.580724
overflow!
underflow!0.000921275
pos   0.991084 0.000921275    0.910976    0.835059    0.218177
underflow!0.00203892
pos  0.879966  0.0789644   0.912522   0.514426 0.00203892
overflow!
underflow!0.00467364
pos0.0657602  0.401514  0.120193  0.384245  0.455673
underflow!0.000574589
pos0.502726 0.849882 0.252468 0.143217 0.564439
overflow!
overflow!
underflow!0.00203859
pos0.144155 0.689424 0.210115 0.358933 0.166605
underflow!3.77317e-08
pos 0.252948  0.525383 0.0109221  0.157187  0.966747
underflow!0.00353705
pos  0.210917   0.918073   0.357674   0.141853 0.00353705
overflow!
overflow!
underflow!5.47517e-05
pos 0.688685 0.0133761  0.224182  0.144043  0.748274
overflow!
overflow!
overflow!
underflow!3.24796e-19
pos 0.953054  0.754214  0.930232 0.0423881 0.0281381
underflow!5.42625e-06
pos 0.452882  0.900785  0.956562  0.348999 0.0451276
underflow!0.000460749
pos 0.176558  0.777929  0.192334  0.511043 0.0993033
overflow!
underflow!7.35632e-12
pos 0.869077  0.477004  0.525529  0.487116 0.0196319
underflow!1.72813e-13
pos 0.869077  0.477004  0.525529  0.487116 0.0196319
underflow!0.00187681
pos0.00187681   0.530732    0.61533   0.434449   0.546091
underflow!0.00403848
pos  0.764276   0.390743 0.00403848   0.725159   0.596193
underflow!1.25209e-13
pos  0.764276   0.390743 0.00403848   0.725159   0.596193
underflow!1.65044e-24
pos  0.764276   0.390743 0.00403848   0.725159   0.596193
overflow!
overflow!
underflow!0.000469659
pos 0.282696  0.536181 0.0574993  0.630046  0.075207
underflow!4.47187e-08
pos 0.282696  0.536181 0.0574993  0.630046  0.075207
underflow!0.000239785
pos 0.282696  0.536181 0.0574993  0.630046  0.075207
overflow!
overflow!
overflow!
underflow!3.31788e-06
pos0.0869886  0.560785  0.339823 0.0289907  0.341313
overflow!
overflow!
overflow!
underflow!4.56789e-15
pos 0.255965 0.0440198  0.891576 0.0207448  0.248654
overflow!
overflow!
underflow!0.00085336
pos 0.927195 0.0235425  0.479779  0.736548  0.943814
overflow!
overflow!
overflow!
underflow!4.9921e-06
pos 0.810291  0.899428  0.260243 0.0591481  0.107689
underflow!0.00474684
pos 0.810291  0.899428  0.260243 0.0591481  0.107689
overflow!
underflow!6.23889e-10
pos 0.765908  0.641529 0.0880341  0.495096 0.0549118
overflow!
overflow!
overflow!
underflow!0.00134621
pos  0.198456 0.00134621   0.258331   0.554125   0.416057
overflow!
underflow!6.29639e-51
pos 0.871525  0.427715  0.207432 0.0402359  0.219257
underflow!8.38392e-23
pos 0.446072  0.264007 0.0189387  0.621407  0.494367
overflow!
overflow!
overflow!
underflow!0.00321101
pos 0.957905 0.0889614  0.951404  0.615731  0.196015
underflow!0.00322208
pos 0.997832  0.156012  0.445198 0.0907595  0.587085
underflow!0.00212795
pos 0.172292 0.0508973  0.800888  0.574064  0.539293
underflow!7.90907e-05
pos 0.934289   0.17778 0.0415047  0.301022  0.526697
overflow!
overflow!
overflow!
underflow!0.004116
pos0.111318 0.004116 0.522177 0.164379 0.758003
overflow!
underflow!8.97467e-06
pos 0.817056 0.0461406 0.0156707  0.224545  0.959464
overflow!
underflow!0.00249367
pos0.789424  0.56075  0.02494 0.372793  0.44792
underflow!9.2838e-05
pos 0.38656 0.491585 0.517353 0.422975 0.066589
underflow!1.4724e-10
pos 0.38656 0.491585 0.517353 0.422975 0.066589
underflow!0.00399111
pos 0.90534 0.241555 0.190692   0.9878 0.201307
overflow!
overflow!
underflow!2.31773e-11
pos 0.331828  0.350675 0.0138468  0.311443  0.359703
underflow!2.15237e-31
pos  0.382654   0.575613   0.730483 0.00846452   0.262262
overflow!
overflow!
overflow!
underflow!0.00288158
pos 0.555003  0.420679  0.569998 0.0714392  0.842781
underflow!4.40486e-07
pos 0.894504  0.873303 0.0724158  0.372255  0.119586
underflow!0.00264537
pos0.154847 0.961137 0.652974 0.673826 0.140364
overflow!
overflow!
overflow!
underflow!5.18535e-07
pos 0.644441 0.0454583  0.671135  0.158833  0.582294
underflow!0.000102565
pos 0.928634 0.0846097   0.42224  0.162907  0.500863
overflow!
underflow!0.00302003
pos0.849298 0.837069 0.286376 0.300188 0.106178
underflow!0.0022289
pos0.902996 0.753713 0.210287 0.351355 0.953648
overflow!
overflow!
underflow!0.00498401
pos  0.861403   0.426919 0.00498401   0.664658   0.377396
underflow!1.26981e-05
pos  0.861403   0.426919 0.00498401   0.664658   0.377396
underflow!0.00172083
pos  0.130986    0.31238 0.00172083   0.797644   0.841157
overflow!
underflow!0.000232813
pos0.873065  0.96024 0.107477 0.582563  0.04599
underflow!4.36656e-23
pos  0.902267   0.036872   0.219616 0.00843355   0.580251
underflow!0.00316723
pos  0.213771 0.00316723   0.492828   0.991802   0.186825
overflow!
overflow!
overflow!
overflow!
underflow!8.2798e-10
pos 0.0779548   0.650964   0.228111   0.102771 0.00909106
underflow!0.00166258
pos 0.248397 0.0413061 0.0923262  0.818397  0.107177
underflow!0.00228786
pos 0.0468082 0.00793112   0.454813   0.211919    0.28477
underflow!0.00232286
pos  0.15105  0.349576   0.71878 0.0165098  0.647977
underflow!2.18021e-10
pos0.0898118    0.5224  0.910002  0.595812  0.017277
underflow!0.00150377
pos0.910708 0.790739 0.953018 0.176217 0.234337
overflow!
underflow!0.00135623
pos  0.962663   0.739523   0.372674 0.00135623   0.868891
overflow!
underflow!3.31758e-06
pos  0.90034  0.169641 0.0858518  0.115338  0.263214
overflow!
overflow!
overflow!
underflow!3.34673e-08
pos 0.768375  0.320783  0.187271  0.725981 0.0316884
underflow!4.15336e-05
pos 0.768375  0.320783  0.187271  0.725981 0.0316884
overflow!
overflow!
overflow!
overflow!
overflow!
underflow!0.000469617
pos 0.499692  0.126514 0.0883189  0.505465  0.908703
underflow!0.00114395
pos0.0267851   0.42949  0.741922  0.898449  0.308981
overflow!
underflow!2.39607e-08
pos 0.60734 0.962844 0.841437 0.135654 0.122612
underflow!5.7144e-07
pos 0.60734 0.962844 0.841437 0.135654 0.122612
overflow!
underflow!0.00471989
pos   0.95208    0.55742  0.0969155 0.00471989   0.757694
overflow!
underflow!0.00265919
pos  0.255238   0.877579   0.136661  0.0327717 0.00265919
overflow!
underflow!0.000942659
pos 0.210465  0.357736 0.0299788  0.349712  0.660139
overflow!
underflow!1.47471e-12
pos  0.968541   0.626803   0.451299  0.0207193 0.00837195
underflow!6.49236e-07
pos  0.968541   0.626803   0.451299  0.0207193 0.00837195
underflow!0.00200306
pos  0.795034 0.00200306   0.781741    0.32487   0.151157
overflow!
underflow!0.00219794
pos  0.600695 0.00219794   0.954818   0.905971    0.34073
overflow!
underflow!4.60189e-10
pos0.0398657   0.86313  0.366018 0.0378078  0.884277
underflow!1.52989e-05
pos 0.242123   0.92303  0.556182 0.0328461 0.0758554
underflow!0.000668681
pos   0.277272    0.329092    0.668866 0.000668681    0.705759
underflow!8.34401e-19
pos 0.375489   0.71375 0.0133102  0.938101  0.467097
overflow!
overflow!
underflow!0.00341034
pos  0.443946    0.20748    0.22547  0.0185414 0.00341034
underflow!0.00473963
pos  0.342452   0.639637 0.00473963   0.563653   0.621214
underflow!0.000567843
pos 0.256877  0.500131  0.506764  0.297446 0.0586136
overflow!
overflow!
overflow!
underflow!0.00262149
pos  0.838601   0.405686    0.89993 0.00262149  0.0102596
underflow!0.00397181
pos0.902446 0.218161 0.690952 0.117855 0.450423
overflow!
overflow!
underflow!0.000134359
pos   0.280859    0.864122 0.000134359   0.0269094    0.669114
underflow!0.00337038
pos 0.501346 0.0895533  0.249824  0.606664  0.218011
underflow!1.69901e-05
pos 0.501346 0.0895533  0.249824  0.606664  0.218011
overflow!
overflow!
underflow!0.00243485
pos  0.504547 0.00243485    0.49061   0.754877   0.413038
underflow!6.70119e-05
pos0.962095 0.971145 0.731675 0.114543 0.776916
underflow!0.000519749
pos 0.70269 0.391836 0.490261  0.11018 0.870051
overflow!
overflow!
underflow!0.00390092
pos  0.741338   0.268696   0.144313    0.87882 0.00390092
underflow!0.00286388
pos  0.267757   0.174093   0.746441 0.00286388   0.787482
underflow!5.90779e-09
pos  0.267757   0.174093   0.746441 0.00286388   0.787482
underflow!4.10127e-08
pos 0.505115  0.560782  0.761841 0.0281773   0.42659
underflow!0.000139208
pos 0.796113  0.931187  0.835983  0.243585 0.0626226
overflow!
underflow!0.00122154
pos  0.189091   0.289715   0.973912   0.787312 0.00122154
underflow!2.94615e-08
pos  0.189091   0.289715   0.973912   0.787312 0.00122154
overflow!
overflow!
underflow!6.07025e-05
pos 0.325844 0.0884029  0.660374  0.325576  0.260186
overflow!
overflow!
overflow!
overflow!
underflow!0.00147589
pos 0.430686  0.927885  0.832481 0.0472444  0.935817
underflow!0.00174214
pos 0.989136  0.450962   0.55253 0.0944397  0.828831
underflow!9.86044e-05
pos0.0422345  0.513126  0.553168  0.427648  0.899016
underflow!1.49089e-05
pos 0.353644  0.508895  0.211369  0.865503 0.0517283
underflow!1.37997e-24
pos 0.353644  0.508895  0.211369  0.865503 0.0517283
underflow!0.00123503
pos   0.7702 0.0417684  0.447802   0.33407  0.972587
underflow!7.49981e-15
pos   0.7702 0.0417684  0.447802   0.33407  0.972587
underflow!5.58463e-19
pos 0.211435  0.780938 0.0992451 0.0133473 0.0424455
underflow!8.54813e-08
pos 0.937134  0.243601  0.281068  0.850087 0.0239402
overflow!
underflow!6.54597e-05
pos 0.290291  0.878332  0.402108   0.75711 0.0644375
underflow!0.000576806
pos0.0152242   0.12327  0.228139 0.0539324  0.617084
underflow!0.000273523
pos 0.834672 0.0663569  0.407405  0.108777  0.990236
overflow!
underflow!6.27189e-05
pos 0.459234  0.222907  0.879576 0.0630341  0.477307
underflow!1.75722e-05
pos  0.39684  0.172523  0.893423  0.381183 0.0595285
underflow!0.00174363
pos 0.0565177   0.176455   0.611542 0.00174363   0.696551
overflow!
underflow!0.00181518
pos  0.566765 0.00181518   0.887923   0.454688   0.723117
underflow!0.000431492
pos0.276996 0.502387 0.152886 0.162411  0.58173
overflow!
underflow!0.00019572
pos 0.567413  0.998177   0.46512  0.416625 0.0447606
overflow!
overflow!
overflow!
overflow!
overflow!
overflow!
overflow!
underflow!0.00170728
pos  0.610769   0.668994 0.00170728   0.991882   0.775205
overflow!
overflow!
overflow!
overflow!
underflow!0.0028779
pos 0.28864 0.552844 0.696423 0.262473  0.99402
overflow!
overflow!
underflow!0.00409202
pos  0.901797 0.00409202   0.274852   0.322853   0.172825
underflow!2.25649e-05
pos0.0876921  0.139781  0.100756  0.413376 0.0732789
overflow!
overflow!
underflow!2.47233e-05
pos 0.402604  0.018907  0.882976 0.0885403    0.1025
underflow!0.000634264
pos   0.282381 0.000634264     0.95394     0.69535    0.161044
overflow!
overflow!
overflow!
overflow!
overflow!
overflow!
overflow!
underflow!0.00193576
pos  0.122703   0.289327   0.937694   0.675225 0.00193576
overflow!
underflow!2.68731e-06
pos 0.649183  0.614619  0.497142 0.0210902  0.518581
underflow!0.00118706
pos 0.398093  0.657846 0.0534124  0.359822  0.205926
overflow!
overflow!
underflow!0.00440644
pos0.567505 0.611443 0.188394 0.893428  0.15362
underflow!0.000172764
pos 0.277601  0.362563 0.0608497   0.48813  0.258871
underflow!0.0026955
pos0.825409 0.628699 0.191695 0.857354 0.864108
overflow!
underflow!3.70448e-47
pos0.111186  0.18428 0.422503 0.291633 0.649625
underflow!0.00357001
pos  0.652178  0.0133848   0.899399   0.255649 0.00357001
underflow!0.000968457
pos   0.681489    0.329109 0.000968457    0.696623    0.118887
underflow!0.00221366
pos0.698696  0.26855 0.659527 0.183628 0.493887
underflow!0.00195
pos0.567843 0.614895 0.181787 0.218254 0.741754
overflow!
underflow!0.000343011
pos0.901524 0.032077 0.753414 0.201835 0.176653
overflow!
underflow!0.000647965
pos   0.765804    0.349149 0.000647965    0.781818    0.678852
underflow!6.31723e-07
pos   0.765804    0.349149 0.000647965    0.781818    0.678852
underflow!0.00366557
pos 0.982548 0.0833381  0.754936  0.729508  0.125054
overflow!
overflow!
overflow!
underflow!4.72237e-05
pos 0.449432  0.395856 0.0942174   0.81406 0.0927096
underflow!6.91854e-06
pos0.886909 0.131778 0.388077  0.02418 0.684606
underflow!0.003145
pos0.221192 0.113101 0.661153 0.003145 0.702105
underflow!7.64447e-13
pos0.221192 0.113101 0.661153 0.003145 0.702105
overflow!
underflow!8.18544e-05
pos 0.746399 0.0249603  0.751246  0.803533 0.0767468
overflow!
overflow!
overflow!
overflow!
overflow!
underflow!0.00178683
pos 0.774217  0.143137 0.0196211  0.972162 0.0112223
underflow!2.05533e-10
pos 0.774217  0.143137 0.0196211  0.972162 0.0112223
overflow!
overflow!
overflow!
overflow!
underflow!3.43863e-06
pos 0.928311  0.972324  0.223824  0.769879 0.0110654
overflow!
overflow!
underflow!0.000956334
pos0.867957 0.271936 0.586277 0.644916 0.132044
overflow!
overflow!
overflow!
underflow!0.00109479
pos 0.448974  0.572543  0.894689  0.601397 0.0994387
underflow!7.97989e-14
pos 0.541996  0.247685   0.63913 0.0110851   0.95156
underflow!0.00316721
pos 0.541996  0.247685   0.63913 0.0110851   0.95156
overflow!
overflow!
underflow!4.68711e-05
pos    0.78362 4.68711e-05    0.135328    0.242049    0.728334
overflow!
overflow!
underflow!0.000593431
pos   0.764321    0.962389 0.000593431    0.811511    0.567866
underflow!2.55129e-08
pos  0.3237 0.398287 0.303359 0.203398  0.24066
underflow!2.85464e-10
pos  0.3237 0.398287 0.303359 0.203398  0.24066
underflow!0.00200063
pos0.603842 0.382025 0.168204 0.192632 0.185163
underflow!0.000166965
pos0.603842 0.382025 0.168204 0.192632 0.185163
overflow!
overflow!
underflow!0.0036378
pos  0.400176   0.276556   0.655259  0.0036378 0.00283281
overflow!
overflow!
overflow!
overflow!
overflow!
overflow!
underflow!0.00124195
pos0.0678991  0.694229  0.334635  0.361483 0.0406654
overflow!
overflow!
underflow!0.000241021
pos0.0926774  0.987826  0.167733  0.175069  0.335227
overflow!
overflow!
overflow!
overflow!
overflow!
underflow!0.000172059
pos 0.366511  0.635812 0.0530926  0.222437   0.13058
underflow!0.00107125
pos0.913529 0.675198 0.207018 0.155647 0.260796
underflow!0.000881894
pos0.913529 0.675198 0.207018 0.155647 0.260796
underflow!0.00211777
pos 0.253502  0.469707 0.0116673 0.0913461  0.713724
underflow!6.24032e-10
pos 0.253502  0.469707 0.0116673 0.0913461  0.713724
overflow!
underflow!1.09521e-17
pos  0.675286   0.336824    0.34931 0.00721944   0.906735
overflow!
overflow!
overflow!
underflow!5.95931e-06
pos0.261195 0.190338 0.462306 0.183266 0.648534
overflow!
underflow!0.00233669
pos0.708029 0.805158  0.36299 0.247225 0.147581
underflow!0.00275324
pos0.708029 0.805158  0.36299 0.247225 0.147581
overflow!
overflow!
overflow!
underflow!0.00377607
pos0.485722 0.225625 0.450671 0.549802 0.813861
underflow!0.000729209
pos 0.552688  0.797283  0.102677   0.54677 0.0908351
underflow!0.000313573
pos 0.833149 0.0726631  0.230501  0.428282  0.113762
underflow!0.00222594
pos0.211616  0.21703 0.190763 0.245288 0.383904
underflow!1.32482e-12
pos0.211616  0.21703 0.190763 0.245288 0.383904
overflow!
overflow!
underflow!5.79329e-28
pos  0.878194   0.802144   0.941808 0.00640863   0.872772
underflow!0.00121644
pos0.568216 0.201563  0.90059 0.226437 0.745622
underflow!3.81668e-07
pos 0.306435 0.0902402 0.0218474  0.813029 0.0719032
underflow!1.65862e-05
pos  0.48366 0.0183281  0.682672  0.377456  0.253155
overflow!
underflow!2.45771e-05
pos 0.401649  0.708008 0.0685924  0.302363  0.496065
underflow!0.00121563
pos0.231877   0.2941 0.724887  0.30333 0.257251
underflow!0.00221977
pos 0.343496 0.0767176  0.762754  0.413477  0.909552
overflow!
underflow!1.25325e-05
pos0.428182 0.874251 0.283997 0.135434 0.257756
overflow!
underflow!0.00115567
pos0.299128 0.290124 0.460573 0.322859 0.863728
underflow!0.00203261
pos0.456908  0.18967 0.554535 0.445795 0.132702
underflow!0.000251245
pos0.433832  0.14313 0.120697 0.201499 0.282908
underflow!0.000102419
pos0.196892 0.745677 0.050304 0.653922 0.549301
underflow!4.57476e-05
pos0.620229 0.466738 0.461433 0.262281 0.557213
underflow!4.04742e-12
pos 0.486564 0.0264534  0.666247   0.25223 0.0326362
underflow!0.00145303
pos0.0768987  0.520905  0.185226  0.104503  0.015707
underflow!0.00222112
pos0.674325 0.602666 0.533735 0.811541 0.134883
underflow!3.26601e-10
pos0.674325 0.602666 0.533735 0.811541 0.134883
overflow!
underflow!5.21729e-08
pos 0.728588  0.574546 0.0304045  0.774908  0.737532
overflow!
overflow!
overflow!
underflow!0.00115203
pos0.380393 0.225127 0.689877 0.126397 0.919867
underflow!0.00238426
pos 0.548348  0.174542  0.555648   0.24586 0.0513594
underflow!1.27446e-09
pos 0.548348  0.174542  0.555648   0.24586 0.0513594
overflow!
underflow!9.87292e-06
pos 0.267295 0.0996966 0.0751086  0.711927  0.675764
overflow!
overflow!
overflow!
overflow!
overflow!
overflow!
overflow!
overflow!
underflow!0.00298046
pos0.0332945  0.293238  0.931847  0.148683 0.0621416
underflow!5.02548e-08
pos0.816437 0.551741 0.185969 0.490881 0.324372
underflow!0.00311423
pos  0.1054 0.199539  0.64479 0.108984  0.13501
overflow!
overflow!
overflow!
overflow!
overflow!
overflow!
underflow!3.58312e-10
pos0.0824898  0.893714  0.515163 0.0188919 0.0780547
underflow!0.000506937
pos0.460237 0.135255 0.122107 0.159706 0.766219
underflow!0.0021156
pos0.819878 0.131354 0.122166 0.273482 0.608744
overflow!
underflow!1.35305e-06
pos0.445431 0.273867 0.384992  0.41974 0.893397
overflow!
overflow!
underflow!0.0011874
pos 0.69759 0.514691 0.646592 0.191178 0.146585
underflow!0.00346596
pos 0.428166  0.171096 0.0819834 0.0621538  0.893691
overflow!
overflow!
overflow!
underflow!2.30637e-11
pos0.0734708  0.163699 0.0262072 0.0489128  0.096938
overflow!
underflow!3.32019e-05
pos0.766499 0.878734 0.090353 0.807442 0.931634
underflow!0.00129545
pos0.823507  0.13602 0.084037 0.164783  0.39497
overflow!
overflow!
overflow!
overflow!
overflow!
underflow!0.0010395
pos0.256262 0.809673 0.729931 0.145085 0.840929
underflow!0.00419226
pos 0.199637 0.0960912  0.243695  0.275976  0.848976
underflow!1.91949e-07
pos 0.750909  0.950249  0.924446 0.0272382  0.457285
overflow!
underflow!0.00177837
pos0.871999 0.804938  0.98814 0.409219 0.371028
underflow!1.83277e-05
pos0.590222 0.202004 0.141447 0.102933  0.23917
overflow!
overflow!
underflow!6.32671e-14
pos  0.14462  0.330977 0.0804608  0.041221  0.141422
overflow!
underflow!3.59692e-05
pos0.527219 0.197647 0.127365 0.159089 0.488034
underflow!5.18622e-05
pos 0.227529  0.857802  0.744368 0.0849662  0.481077
overflow!
overflow!
overflow!
overflow!
underflow!0.00165505
pos0.324027 0.200366 0.208282 0.225619 0.690351
overflow!
overflow!
underflow!4.31071e-10
pos 0.262233  0.453695  0.286004 0.0603091  0.397677
underflow!2.72286e-09
pos0.0325743  0.387104  0.149991 0.0363043 0.0859795
overflow!
underflow!0.0016884
pos0.654553 0.161532  0.38145 0.156553 0.308193
overflow!
underflow!3.19669e-14
pos0.389813 0.469079  0.42332 0.161946 0.611603
overflow!
overflow!
underflow!0.000228932
pos0.236168 0.274221 0.262583 0.104767 0.500393
underflow!0.000486478
pos0.334654 0.672433 0.208887 0.224452 0.409903
underflow!2.84109e-06
pos 0.461396  0.147553  0.844557 0.0786386  0.357242
underflow!0.000191282
pos0.443888  0.48313 0.525389  0.36992 0.428612
overflow!
overflow!
underflow!6.23414e-15
pos0.433427 0.626716 0.283408 0.162861 0.778538
underflow!2.33002e-05
pos0.422185 0.142972 0.125815 0.793915 0.531673
underflow!0.000469669
pos0.591514 0.282156 0.267805   0.2014 0.429272
underflow!0.0039288
pos0.591514 0.282156 0.267805   0.2014 0.429272
underflow!0.00362916
pos0.0955747  0.019011 0.0363598   0.21987  0.589131
overflow!
underflow!6.67694e-05
pos0.403437 0.581467 0.451477 0.316362 0.243252
underflow!2.91887e-07
pos0.315043 0.652088 0.226777 0.458687 0.580296
underflow!0.000383076
pos 0.390777 0.0830228  0.823994  0.848214  0.828413
underflow!3.81975e-20
pos0.457181  0.45179  0.50535 0.213385  0.73505
overflow!
underflow!0.000248555
pos0.394803 0.853183 0.519321 0.117729 0.822281
underflow!3.49136e-09
pos0.394803 0.853183 0.519321 0.117729 0.822281
underflow!0.00281105
pos0.471755 0.231805 0.393731 0.177761 0.602012
overflow!
overflow!
underflow!0.00430884
pos0.429543 0.471556 0.616489   0.3249 0.677931
underflow!4.83644e-09
pos0.429543 0.471556 0.616489   0.3249 0.677931
overflow!
underflow!1.61062e-06
pos0.107826 0.135904 0.650611 0.101335 0.718312
underflow!0.0012305
pos 0.712794  0.266978  0.611843 0.0989415  0.301774
underflow!0.00149135
pos 0.712794  0.266978  0.611843 0.0989415  0.301774
underflow!0.000470517
pos0.363389 0.474932 0.575049 0.169989 0.643439
underflow!0.000184554
pos0.406131  0.10466 0.505452 0.418866 0.708864
overflow!
underflow!0.00279459
pos0.258918 0.406983 0.472673 0.265627 0.520751
overflow!
underflow!6.44872e-05
pos0.384504  0.19997 0.221306 0.358854 0.396605
overflow!
underflow!0.00399041
pos0.403883 0.562273 0.404236 0.362873 0.538053
underflow!0.000891497
pos 0.38824 0.128372 0.182321 0.138922 0.842028
underflow!0.00365799
pos 0.21981 0.390203 0.174437 0.465542 0.626757
overflow!
overflow!
underflow!0.00263425
pos0.331401 0.304029 0.255455 0.168806 0.769527
underflow!2.10716e-23
pos0.802589 0.256249 0.231057 0.455693 0.857987
overflow!
overflow!
overflow!
underflow!1.73368e-27
pos0.456695 0.165468 0.604187 0.180672 0.457005
underflow!0.000245283
pos0.343406 0.379673 0.357756 0.358504 0.718656
overflow!
overflow!
overflow!
underflow!5.78902e-05
pos0.396578 0.404701 0.374537  0.26261 0.640446
underflow!0.00493384
pos0.179303 0.583622 0.340646 0.437552 0.421902
underflow!3.75447e-07
pos0.345681 0.356239 0.348954  0.27672 0.536983
underflow!0.00466749
pos0.132273 0.174265 0.150866 0.201825 0.250194
overflow!
underflow!0.00077807
pos 0.27377 0.306842 0.298879 0.052035 0.495863
overflow!
underflow!0.00468832
pos0.455797 0.282076 0.205423 0.303731 0.481857
underflow!0.00496938
pos0.412326 0.547112 0.448367 0.192028 0.524571
underflow!1.65398e-29
pos 0.467098  0.725235  0.409496 0.0613567  0.720026
underflow!0.00254038
pos 0.34349 0.295107 0.277515 0.131857 0.794764
underflow!2.18219e-27
pos0.351031 0.519414 0.381251 0.204272 0.582742
underflow!0.000542162
pos0.315411 0.613882 0.389299 0.241142 0.657158
underflow!0.000892412
pos0.195519 0.587475 0.225203 0.129198 0.450316
overflow!
overflow!
overflow!
underflow!7.30044e-05
pos0.518789 0.325542 0.316359 0.318867 0.514385
overflow!
underflow!0.00467587
pos0.602896 0.442085 0.435872 0.256815 0.621137
overflow!
underflow!4.68343e-05
pos  0.25057  0.191588  0.263503 0.0318925  0.906435
underflow!6.06555e-07
pos0.262156 0.327713 0.355149 0.287163 0.271588
overflow!
overflow!
overflow!
underflow!0.00123404
pos0.663534  0.52392 0.590362 0.135416 0.658953
overflow!
underflow!0.0029175
pos0.330721  0.41103 0.503583 0.186573 0.647457
overflow!
overflow!
overflow!
underflow!0.000773865
pos 0.31586 0.709742 0.723714 0.149682 0.671193
underflow!0.00296214
pos0.497791 0.413172 0.405031 0.212277  0.51095
underflow!8.18545e-05
pos 0.33092 0.233415 0.667537  0.11091 0.567098
overflow!
underflow!2.31046e-06
pos0.410485 0.492171  0.46473 0.220774 0.606334
underflow!0.00130001
pos0.384793 0.467589 0.421572 0.177161 0.555759
underflow!0.000889924
pos0.257312 0.385164 0.481848 0.185603 0.505558
underflow!0.00202092
pos0.356551 0.442182 0.285105 0.192664 0.655425
underflow!1.97243e-23
pos0.404759 0.542863 0.371428 0.198294 0.560936
underflow!0.00423121
pos0.325346 0.434882 0.548602 0.342239 0.561953
overflow!
underflow!0.00233574
pos0.398745 0.279927 0.437901 0.205129 0.699433
overflow!
underflow!0.00264711
pos0.515639 0.630318 0.357131 0.226562 0.482561
underflow!0.0012342
pos0.422147 0.318645 0.441318 0.308165 0.769745
underflow!1.97491e-06
pos0.422147 0.318645 0.441318 0.308165 0.769745
underflow!0.00300938
pos0.399186 0.405322 0.363962 0.173304  0.61682
overflow!
overflow!
overflow!
underflow!0.00209192
pos0.378451 0.307747 0.349289 0.166917 0.516431
underflow!0.000313318
pos0.477473 0.375445 0.406591 0.264623 0.651794
overflow!
underflow!0.00374332
pos 0.810884  0.847831  0.657784 0.0400691  0.413476
underflow!0.00207321
pos 0.548079  0.543455  0.614051 0.0805748  0.525724
underflow!0.00459126
pos0.492923 0.388401  0.29653 0.188663 0.461317
underflow!4.40588e-24
pos0.324738 0.385583 0.361569 0.370819 0.619113
underflow!0.000307461
pos0.308886 0.355912 0.433371 0.518306 0.451121
underflow!4.45584e-05
pos0.391793  0.44219 0.393137 0.263133 0.562614
underflow!9.35482e-13
pos0.391793  0.44219 0.393137 0.263133 0.562614
underflow!0.000193156
pos0.324358 0.423963 0.373726 0.339797 0.445617
underflow!0.00159735
pos0.445119    0.442 0.660263 0.117045  0.74481
underflow!0.00257956
pos0.478771 0.334536 0.364849 0.197502 0.683188
overflow!
overflow!
overflow!
underflow!0.00170507
pos0.392134  0.53666 0.417001 0.202048 0.610259
overflow!
underflow!0.000585632
pos 0.431572  0.351749   0.38408 0.0940781  0.511913
overflow!
underflow!0.00193923
pos0.797147   0.1976 0.854127 0.109073 0.699619
underflow!0.00221688
pos 0.37017 0.510159 0.267818 0.155895 0.566757
underflow!0.00485366
pos0.410862 0.212109 0.152217  0.24412 0.392837
underflow!0.00261083
pos 0.25762 0.553804 0.599445 0.283601 0.824706
overflow!
overflow!
underflow!0.00233208
pos0.687078  0.53221 0.710307 0.406229 0.711535
overflow!
underflow!3.65972e-10
pos 0.50736 0.475109 0.374286 0.213748 0.654868
underflow!1.70361e-05
pos0.509904 0.465162 0.394182 0.152736 0.696541
underflow!0.000811595
pos0.337361 0.509755 0.458776 0.143392 0.510039
underflow!0.000799744
pos 0.53446 0.485783 0.416363 0.227387 0.672379
underflow!0.00113753
pos0.430031 0.380378 0.600216 0.289748 0.486213
overflow!
GBMAT from blind PSO:

0.168783 0.695054 0.201388 0.463789 0.440666  48399.3
0.168783 0.695054 0.201388 0.463789 0.440666  48399.3
0.417449 0.510908 0.475202 0.200867  0.73803  2052.28
0.417449 0.510908 0.475202 0.200867  0.73803  2052.28
0.346379 0.456041  0.39771 0.181059 0.581284  2051.93
0.346212 0.505328 0.451826 0.190549 0.602482  2051.22

truk:  0.276782  0.837081  0.443217 0.0424412  0.304645
total difference b/w truk and final GBVEC0.225597

blind PSO FINISHED RUNNING IN 4 s TIME!
targeted PSO has started!
Updating Weight Matrix!
GBVEC AND COST:0.346212 0.505328 0.451826 0.190549 0.602482  2051.22
new wt mat:
   0.263994   -0.512118   0.0858992 0.000577278   0.0925332  0.00775492  -0.0463636   0.0236815   -0.063757
  -0.512118      1.2632   -0.336923  -0.0444207   -0.405345  -0.0270495    0.280389   -0.085216    0.226044
  0.0858992   -0.336923    0.147657   0.0152294     0.10784  0.00639957  -0.0794626    0.020261   -0.055643
0.000577278  -0.0444207   0.0152294    0.415334     1.97678   0.0811252    -1.81914    0.374075   -0.809573
  0.0925332   -0.405345     0.10784     1.97678     9.65041    0.416744    -8.76256     1.84579    -4.05443
 0.00775492  -0.0270495  0.00639957   0.0811252    0.416744   0.0200199   -0.368026   0.0808994   -0.183919
 -0.0463636    0.280389  -0.0794626    -1.81914    -8.76256   -0.368026     8.01402    -1.66798     3.63265
  0.0236815   -0.085216    0.020261    0.374075     1.84579   0.0808994    -1.66798    0.357175   -0.785231
  -0.063757    0.226044   -0.055643   -0.809573    -4.05443   -0.183919     3.63265   -0.785231     1.74836
underflow!0.00202854
pos 0.482559  0.107546 0.0580161  0.166446  0.608254
underflow!7.76067e-07
pos0.183782 0.433278 0.198064 0.170992 0.608507
underflow!1.82718e-06
pos   0.1347  0.142863    0.2896 0.0501547  0.614041
underflow!0.0024551
pos0.184557  0.20628 0.132991 0.172964 0.610648
underflow!1.33966e-11
pos0.363636  0.56044 0.311003 0.172421 0.611935
underflow!3.77714e-13
pos  0.22465  0.218823  0.149719 0.0781223  0.611948
underflow!6.71325e-05
pos0.200917 0.540186 0.205872 0.126726 0.611911
underflow!0.000976375
pos0.559349 0.651894 0.206614  0.18206 0.611629
underflow!0.00153912
pos0.266798  0.36142 0.209305 0.255148 0.611495
underflow!4.21888e-05
pos 0.311002  0.583678 0.0521866  0.190551  0.611572
underflow!0.00443009
pos0.742426 0.631402 0.239743 0.168592 0.612064
underflow!0.00335811
pos0.417778 0.235371 0.171166 0.431516 0.611714
underflow!0.000286471
pos0.175592  0.17821 0.631828 0.110913 0.611386
underflow!0.0033316
pos0.294886 0.223035 0.532212 0.168971 0.611393
underflow!0.00142235
pos0.437519 0.271297 0.331295 0.163876 0.611386
underflow!0.00193445
pos0.345896 0.464549 0.332065  0.16381 0.611445
underflow!0.00182771
pos0.161448 0.192993 0.513347 0.112827 0.611429
Updating Weight Matrix!
GBVEC AND COST: 0.37861 0.461823 0.331888 0.163418 0.611469 0.131141
new wt mat:
  1.41218  -3.38544  0.754302 0.0698519  0.850206 0.0639736 -0.527089  0.173047 -0.497537
 -3.38544   8.42333  -1.99661 -0.198445  -2.23937 -0.166104   1.41303 -0.447796   1.29193
 0.754302  -1.99661  0.530795 0.0426717  0.475973 0.0348144 -0.298833 0.0928778 -0.272643
0.0698519 -0.198445 0.0426717  0.340381   2.50679  0.164428  -1.86426    0.5086  -1.32529
 0.850206  -2.23937  0.475973   2.50679   18.9272   1.26815  -13.9232   3.86161  -10.1356
0.0639736 -0.166104 0.0348144  0.164428   1.26815 0.0867945 -0.924034  0.260098 -0.687399
-0.527089   1.41303 -0.298833  -1.86426  -13.9232 -0.924034   10.2921  -2.83525   7.41518
 0.173047 -0.447796 0.0928778    0.5086   3.86161  0.260098  -2.83525  0.792664  -2.07832
-0.497537   1.29193 -0.272643  -1.32529  -10.1356 -0.687399   7.41518  -2.07832   5.47067
overflow!
underflow!0.00247748
pos0.367705  0.49353 0.347419 0.173322 0.622306
underflow!0.00392721
pos0.486041  0.60296 0.333045 0.170228 0.622423
underflow!0.00285993
pos0.627599 0.550692 0.151059 0.171664 0.622321
underflow!0.0034859
pos0.201827 0.453349  0.57655 0.249275 0.622313
Updating Weight Matrix!
GBVEC AND COST:0.377033 0.477992 0.338035 0.171027 0.622418 0.106454
new wt mat:
    2.3323   -5.70137    1.26331 -0.0179328   0.486512  0.0519377   -0.15984  0.0992496  -0.359058
  -5.70137    14.2492   -3.27884  0.0236435   -1.30912   -0.13367   0.479957  -0.257121   0.929782
   1.26331   -3.27884   0.813289 -0.0115904   0.230715  0.0251577 -0.0635162  0.0428267  -0.171979
-0.0179328  0.0236435 -0.0115904   0.537528    4.03218   0.258806    -2.9746   0.801238   -2.10304
  0.486512   -1.30912   0.230715    4.03218    30.8421    2.01386   -22.5616    6.16168    -16.258
 0.0519377   -0.13367  0.0251577   0.258806    2.01386   0.133935   -1.46225   0.405119   -1.07365
  -0.15984   0.479957 -0.0635162    -2.9746   -22.5616   -1.46225    16.5655   -4.49864    11.8402
 0.0992496  -0.257121  0.0428267   0.801238    6.16168   0.405119   -4.49864    1.23857   -3.26616
 -0.359058   0.929782  -0.171979   -2.10304    -16.258   -1.07365    11.8402   -3.26616    8.63494
underflow!0.00128634
pos0.358179 0.434383 0.415204 0.179254 0.621663
underflow!0.000384769
pos0.240479 0.477936 0.350727 0.171493  0.62167
underflow!0.000191559
pos0.385429 0.610281 0.371102 0.185895 0.621672
Updating Weight Matrix!
GBVEC AND COST: 0.359134  0.476893   0.34775  0.180062  0.621672 0.0900988
new wt mat:
   3.33746   -8.17681    1.78517 -0.0651617   0.432385  0.0593768 -0.0220691  0.0907853  -0.385044
  -8.17681    20.3508   -4.56568   0.136694   -1.18673  -0.151245   0.152738  -0.235875   0.991822
   1.78517   -4.56568    1.08351 -0.0386974   0.183102  0.0278207  0.0225172  0.0345182   -0.17539
-0.0651617   0.136694 -0.0386974   0.737619    5.25994   0.310812   -3.96813    1.00781   -2.61026
  0.432385   -1.18673   0.183102    5.25994    38.2766    2.30969   -28.6177    7.38472   -19.2387
 0.0593768  -0.151245  0.0278207   0.310812    2.30969   0.143163   -1.71105   0.450717   -1.18033
-0.0220691   0.152738  0.0225172   -3.96813   -28.6177   -1.71105    21.4825   -5.50628    14.3053
 0.0907853  -0.235875  0.0345182    1.00781    7.38472   0.450717   -5.50628    1.43645   -3.74212
 -0.385044   0.991822   -0.17539   -2.61026   -19.2387   -1.18033    14.3053   -3.74212    9.77391
underflow!0.00128717
pos0.315338 0.499368 0.384845  0.19313 0.623214
Updating Weight Matrix!
GBVEC AND COST: 0.343412  0.481062  0.364943  0.197614  0.623258 0.0891834
new wt mat:
   5.26245   -12.8238     2.7299 -0.0728188   0.930184   0.111746  -0.212431   0.200265  -0.751444
  -12.8238     31.567   -6.84398   0.132453   -2.51417   -0.28141   0.719362  -0.518974    1.92018
    2.7299   -6.84398     1.5448 -0.0340406   0.480121  0.0560567  -0.113204  0.0977804  -0.378598
-0.0728188   0.132453 -0.0340406    1.22131    8.13836   0.435705   -6.33178    1.50612    -3.8161
  0.930184   -2.51417   0.480121    8.13836    55.4173    3.05517   -42.6912    10.3639   -26.4389
  0.111746   -0.28141  0.0560567   0.435705    3.05517    0.17686   -2.32281   0.584062   -1.50134
 -0.212431   0.719362  -0.113204   -6.33178   -42.6912   -2.32281    33.0371   -7.94807     20.211
  0.200265  -0.518974  0.0977804    1.50612    10.3639   0.584062   -7.94807    1.96271    -5.0143
 -0.751444    1.92018  -0.378598    -3.8161   -26.4389   -1.50134     20.211    -5.0143    12.8449
GBMAT after targeted PSO:
 0.168783  0.695054  0.201388  0.463789  0.440666   48399.3
 0.168783  0.695054  0.201388  0.463789  0.440666   48399.3
 0.417449  0.510908  0.475202  0.200867   0.73803   2052.28
 0.417449  0.510908  0.475202  0.200867   0.73803   2052.28
 0.346379  0.456041   0.39771  0.181059  0.581284   2051.93
 0.346212  0.505328  0.451826  0.190549  0.602482   2051.22
 0.346212  0.505328  0.451826  0.190549  0.602482  0.810168
 0.346212  0.505328  0.451826  0.190549  0.602482  0.810168
 0.346212  0.505328  0.451826  0.190549  0.602482  0.810168
 0.328498  0.539985  0.440947  0.221955  0.687191  0.390416
 0.328498  0.539985  0.440947  0.221955  0.687191  0.390416
 0.328498  0.539985  0.440947  0.221955  0.687191  0.390416
 0.328498  0.539985  0.440947  0.221955  0.687191  0.390416
 0.328498  0.539985  0.440947  0.221955  0.687191  0.390416
 0.310182  0.519059  0.400334  0.133791  0.608229  0.359835
 0.310182  0.519059  0.400334  0.133791  0.608229  0.359835
 0.310182  0.519059  0.400334  0.133791  0.608229  0.359835
 0.310182  0.519059  0.400334  0.133791  0.608229  0.359835
 0.333636  0.596263  0.445548  0.172239  0.608145  0.288934
 0.333636  0.596263  0.445548  0.172239  0.608145  0.288934
 0.333636  0.596263  0.445548  0.172239  0.608145  0.288934
 0.333636  0.596263  0.445548  0.172239  0.608145  0.288934
 0.333636  0.596263  0.445548  0.172239  0.608145  0.288934
 0.333636  0.596263  0.445548  0.172239  0.608145  0.288934
 0.333636  0.596263  0.445548  0.172239  0.608145  0.288934
 0.311168   0.44471   0.34957  0.146485  0.608191  0.261022
 0.311168   0.44471   0.34957  0.146485  0.608191  0.261022
 0.311168   0.44471   0.34957  0.146485  0.608191  0.261022
 0.311168   0.44471   0.34957  0.146485  0.608191  0.261022
 0.311168   0.44471   0.34957  0.146485  0.608191  0.261022
 0.330522  0.462396   0.36549  0.176821  0.608191    0.2304
 0.330522  0.462396   0.36549  0.176821  0.608191    0.2304
 0.330522  0.462396   0.36549  0.176821  0.608191    0.2304
 0.330522  0.462396   0.36549  0.176821  0.608191    0.2304
 0.330522  0.462396   0.36549  0.176821  0.608191    0.2304
 0.330522  0.462396   0.36549  0.176821  0.608191    0.2304
 0.330522  0.462396   0.36549  0.176821  0.608191    0.2304
 0.330522  0.462396   0.36549  0.176821  0.608191    0.2304
 0.330522  0.462396   0.36549  0.176821  0.608191    0.2304
 0.363059  0.598089  0.419719  0.161734  0.608191  0.226823
 0.363059  0.598089  0.419719  0.161734  0.608191  0.226823
 0.363059  0.598089  0.419719  0.161734  0.608191  0.226823
 0.363059  0.598089  0.419719  0.161734  0.608191  0.226823
 0.363059  0.598089  0.419719  0.161734  0.608191  0.226823
 0.363059  0.598089  0.419719  0.161734  0.608191  0.226823
 0.363059  0.598089  0.419719  0.161734  0.608191  0.226823
 0.363059  0.598089  0.419719  0.161734  0.608191  0.226823
 0.363059  0.598089  0.419719  0.161734  0.608191  0.226823
 0.329188  0.496775   0.37569  0.171006  0.608164  0.190843
 0.329188  0.496775   0.37569  0.171006  0.608164  0.190843
 0.329188  0.496775   0.37569  0.171006  0.608164  0.190843
 0.329188  0.496775   0.37569  0.171006  0.608164  0.190843
 0.329188  0.496775   0.37569  0.171006  0.608164  0.190843
 0.329188  0.496775   0.37569  0.171006  0.608164  0.190843
 0.329188  0.496775   0.37569  0.171006  0.608164  0.190843
 0.329188  0.496775   0.37569  0.171006  0.608164  0.190843
 0.329188  0.496775   0.37569  0.171006  0.608164  0.190843
 0.329188  0.496775   0.37569  0.171006  0.608164  0.190843
 0.329188  0.496775   0.37569  0.171006  0.608164  0.190843
 0.329188  0.496775   0.37569  0.171006  0.608164  0.190843
 0.329188  0.496775   0.37569  0.171006  0.608164  0.190843
 0.356839  0.479986  0.355812  0.168503  0.609233  0.174844
 0.356839  0.479986  0.355812  0.168503  0.609233  0.174844
 0.356839  0.479986  0.355812  0.168503  0.609233  0.174844
 0.356839  0.479986  0.355812  0.168503  0.609233  0.174844
 0.356839  0.479986  0.355812  0.168503  0.609233  0.174844
 0.356839  0.479986  0.355812  0.168503  0.609233  0.174844
 0.356839  0.479986  0.355812  0.168503  0.609233  0.174844
 0.356839  0.479986  0.355812  0.168503  0.609233  0.174844
 0.363488  0.513319  0.367308   0.17132  0.614123  0.174509
 0.363488  0.513319  0.367308   0.17132  0.614123  0.174509
 0.363488  0.513319  0.367308   0.17132  0.614123  0.174509
 0.363488  0.513319  0.367308   0.17132  0.614123  0.174509
 0.363488  0.513319  0.367308   0.17132  0.614123  0.174509
 0.363488  0.513319  0.367308   0.17132  0.614123  0.174509
 0.363488  0.513319  0.367308   0.17132  0.614123  0.174509
 0.363488  0.513319  0.367308   0.17132  0.614123  0.174509
 0.363488  0.513319  0.367308   0.17132  0.614123  0.174509
 0.347606  0.487344  0.359094   0.17053  0.610492   0.16939
 0.347606  0.487344  0.359094   0.17053  0.610492   0.16939
 0.347606  0.487344  0.359094   0.17053  0.610492   0.16939
 0.347606  0.487344  0.359094   0.17053  0.610492   0.16939
 0.347606  0.487344  0.359094   0.17053  0.610492   0.16939
 0.347606  0.487344  0.359094   0.17053  0.610492   0.16939
 0.347606  0.487344  0.359094   0.17053  0.610492   0.16939
 0.347606  0.487344  0.359094   0.17053  0.610492   0.16939
 0.347606  0.487344  0.359094   0.17053  0.610492   0.16939
 0.347606  0.487344  0.359094   0.17053  0.610492   0.16939
 0.347606  0.487344  0.359094   0.17053  0.610492   0.16939
 0.347606  0.487344  0.359094   0.17053  0.610492   0.16939
 0.347606  0.487344  0.359094   0.17053  0.610492   0.16939
