Using two part PSO Sample Size:5000 with:9 moments.
Using Times:3
Bounds for Uniform Distribution (0,1)
Blind PSO --> nParts:5000 Nsteps:5
Targeted PSO --> nParts:5 Nsteps:5000
sdbeta:0.1
Reading in data!
Blocking Data!
Using starting row of data:0 and 5000 data pts!
first row X0: 8.83545  7.57343 0.396305
final row X0:1.63756  4.1577 4.69516



Loading in Truk!
Calculating Yt!
did this compute?
seedk:0.942167 0.298276 0.762138 0.680079 0.801714| cost:15790.3
PSO begins!
overflow!
overflow!
overflow!
overflow!
underflow!0.000148717
pos 0.250019  0.582749  0.803395 0.0247082  0.113724
underflow!3.34029e-24
pos 0.912501   0.28365  0.805358  0.203058 0.0110807
underflow!0.00411451
pos  0.435182 0.00411451   0.197108   0.752177  0.0486675
underflow!2.60862e-06
pos  0.435182 0.00411451   0.197108   0.752177  0.0486675
overflow!
underflow!0.00305007
pos 0.195525  0.841413  0.268518  0.808606 0.0658154
overflow!
overflow!
underflow!0.0038976
pos0.0385895 0.0424691  0.454924 0.0504749 0.0556828
overflow!
underflow!0.00144527
pos  0.203919    0.51312   0.566413   0.512043 0.00144527
underflow!0.00362435
pos0.122784 0.613175  0.43377 0.148535 0.125925
overflow!
overflow!
overflow!
overflow!
underflow!0.000976391
pos   0.340194    0.382864 0.000976391    0.193371    0.437723
overflow!
overflow!
overflow!
overflow!
underflow!0.00265856
pos  0.448786   0.789248  0.0350822 0.00265856   0.775178
underflow!3.66022e-07
pos  0.407727   0.667759 0.00671539   0.984415   0.451284
underflow!0.000867695
pos   0.937676    0.149871    0.765695    0.747946 0.000867695
overflow!
underflow!1.1164e-20
pos 0.373179  0.544933 0.0105495  0.691521  0.842138
underflow!4.88736e-06
pos 0.373179  0.544933 0.0105495  0.691521  0.842138
overflow!
underflow!0.00248764
pos0.448566 0.600675 0.116088 0.373146  0.10015
overflow!
overflow!
overflow!
underflow!2.5072e-28
pos  0.619608   0.127752   0.178397 0.00660202    0.55461
underflow!0.00479554
pos 0.745521  0.408624  0.376759  0.807182 0.0305617
overflow!
underflow!0.00411366
pos 0.155527 0.0709429  0.405926  0.581737  0.981433
underflow!2.14724e-27
pos  0.519877   0.127742   0.841914  0.0111373 0.00914118
underflow!6.99417e-06
pos 0.281915  0.201677 0.0203699  0.176602  0.117519
overflow!
overflow!
overflow!
underflow!0.00334264
pos  0.732408   0.878264   0.835528 0.00334264   0.311973
underflow!0.000305879
pos  0.670614   0.439742   0.983561   0.114051 0.00531897
overflow!
underflow!4.04722e-17
pos 0.954754  0.121965 0.0786709  0.327139  0.971356
overflow!
overflow!
overflow!
underflow!0.00316273
pos 0.658759  0.451375  0.161634 0.0897082  0.960292
underflow!0.0030497
pos  0.99631  0.693816 0.0889113  0.129492  0.072048
underflow!0.00153518
pos   0.37007   0.656298 0.00153518   0.556624   0.394226
overflow!
overflow!
overflow!
overflow!
overflow!
overflow!
overflow!
overflow!
overflow!
underflow!0.000731293
pos  0.978423   0.845944  0.0461142  0.0248382 0.00028149
overflow!
overflow!
underflow!5.73526e-11
pos  0.55616  0.573517 0.0133414 0.0709017 0.0185347
underflow!0.00377054
pos 0.956032 0.0615935  0.102636  0.507731  0.127293
underflow!0.00487938
pos  0.246028   0.843615 0.00487938   0.830071   0.929543
underflow!0.000110886
pos0.853207 0.456586 0.101414 0.477772 0.833509
underflow!0.0014655
pos 0.163332  0.268556 0.0460557  0.681749 0.0282633
overflow!
overflow!
overflow!
overflow!
underflow!0.00116978
pos0.0308557   0.47761  0.167428  0.278152 0.0462963
overflow!
overflow!
overflow!
underflow!0.000560844
pos 0.940489  0.112524 0.0251243  0.826619 0.0435437
underflow!1.50356e-09
pos 0.737844 0.0158802  0.767728  0.525437  0.249823
overflow!
overflow!
overflow!
underflow!0.00145578
pos  0.657867   0.300839 0.00145578   0.110557   0.716671
underflow!7.42727e-05
pos  0.657867   0.300839 0.00145578   0.110557   0.716671
overflow!
overflow!
overflow!
underflow!0.000413685
pos 0.113387 0.0736549 0.0242999  0.407043  0.929198
overflow!
overflow!
overflow!
overflow!
underflow!0.000902227
pos 0.443114 0.0265681  0.896432  0.112212  0.699385
underflow!5.86166e-14
pos 0.193183  0.175859  0.228024  0.515272 0.0187666
overflow!
underflow!0.000157701
pos  0.62468  0.686611   0.77321  0.042585 0.0373964
overflow!
underflow!0.000100083
pos  0.83843  0.497487 0.0725754  0.113731 0.0376727
overflow!
underflow!5.25104e-08
pos  0.36583  0.392857  0.528814  0.759667 0.0506612
overflow!
underflow!0.00270144
pos 0.470187  0.148445  0.421526 0.0578756 0.0105255
underflow!0.000613652
pos0.248048 0.141001 0.935307 0.256303 0.899673
underflow!0.000310202
pos 0.227027 0.0823788  0.206913   0.93536  0.184015
underflow!3.10978e-09
pos 0.227027 0.0823788  0.206913   0.93536  0.184015
overflow!
overflow!
overflow!
underflow!0.00192576
pos0.502606  0.50887 0.526305 0.439868 0.179885
underflow!0.0047784
pos0.742275 0.854583 0.252965 0.479575 0.742541
overflow!
overflow!
underflow!1.50956e-18
pos0.709411 0.170868 0.631303 0.093009 0.606399
overflow!
overflow!
underflow!0.00495215
pos0.563803 0.948959 0.534318 0.170253 0.490096
underflow!0.00325198
pos 0.561794  0.263669 0.0573223  0.453338  0.261588
underflow!7.16984e-06
pos0.832342  0.17126 0.049673 0.386657 0.317428
overflow!
overflow!
underflow!0.00105363
pos 0.923542  0.704132  0.551723 0.0566291  0.308167
underflow!1.98149e-08
pos 0.923542  0.704132  0.551723 0.0566291  0.308167
overflow!
overflow!
underflow!0.00307706
pos 0.150875   0.66576 0.0484308  0.384097  0.934318
overflow!
overflow!
underflow!0.00380566
pos  0.412121   0.882937   0.844837 0.00380566   0.837106
underflow!1.64926e-08
pos 0.992975  0.675836  0.477964 0.0187895   0.64211
overflow!
overflow!
overflow!
underflow!6.04198e-05
pos 0.939745  0.477531 0.0283536  0.264235  0.470146
overflow!
underflow!0.00269918
pos  0.327025   0.781174   0.660384   0.498075 0.00269918
overflow!
overflow!
underflow!1.81918e-09
pos0.991907 0.255572 0.250548 0.356371 0.647035
underflow!9.61548e-05
pos0.739203 0.016709 0.264297 0.641517 0.204439
overflow!
underflow!0.00187492
pos  0.691884   0.174089   0.398569   0.879583 0.00187492
overflow!
overflow!
overflow!
overflow!
underflow!0.0032273
pos 0.821223  0.395272 0.0032273  0.948174  0.831674
underflow!0.00152617
pos0.105806  0.24806 0.715123 0.113322 0.668026
overflow!
overflow!
underflow!5.85073e-11
pos0.0812954 0.0801281  0.627508  0.830826  0.263344
underflow!0.00153498
pos0.559797 0.705582 0.069171 0.815691 0.265614
overflow!
overflow!
overflow!
overflow!
overflow!
overflow!
overflow!
overflow!
underflow!4.82937e-07
pos0.973274 0.649443 0.765685  0.14743 0.782276
underflow!2.03423e-08
pos 0.415917  0.765453 0.0471695 0.0378618  0.472055
overflow!
overflow!
overflow!
overflow!
overflow!
overflow!
underflow!0.0010293
pos 0.99826 0.168652 0.109263 0.236925 0.795191
underflow!2.93863e-05
pos0.0341888  0.226303 0.0216742  0.588407 0.0742832
underflow!0.000383583
pos 0.788369  0.377482  0.795943  0.532915 0.0282823
overflow!
underflow!0.00409878
pos0.394376 0.241733  0.52711 0.538067 0.164691
overflow!
underflow!1.80664e-13
pos 0.138995  0.375985  0.996187 0.0211244  0.666647
underflow!4.31244e-10
pos 0.138995  0.375985  0.996187 0.0211244  0.666647
underflow!1.22414e-07
pos 0.224342 0.0607097 0.0699261  0.595403 0.0236806
overflow!
overflow!
overflow!
overflow!
overflow!
underflow!0.00414266
pos0.899737  0.73588 0.101977 0.593921 0.882932
overflow!
overflow!
overflow!
underflow!0.00138806
pos  0.337613   0.639191 0.00138806    0.61752   0.782922
underflow!1.72805e-07
pos 0.272577 0.0049191  0.234153  0.118011  0.244086
underflow!1.44693e-08
pos 0.0281226   0.695569 0.00424076   0.362501   0.508293
overflow!
underflow!0.000218367
pos 0.977027  0.799899  0.318091  0.320019 0.0598198
underflow!2.98409e-05
pos0.486532 0.760593 0.236169 0.136472 0.981085
underflow!0.00463736
pos0.0796085  0.478751  0.244821  0.842987  0.605694
overflow!
overflow!
underflow!0.000267175
pos 0.299714  0.643016   0.78366 0.0409425  0.154807
underflow!4.33301e-11
pos0.620946 0.473799 0.292168 0.933724 0.149807
underflow!0.000187444
pos0.0441823  0.199173  0.829617 0.0547906   0.91583
overflow!
underflow!6.25939e-10
pos  0.152949 0.00507859  0.0133672    0.13676   0.701449
overflow!
overflow!
underflow!0.000154709
pos 0.223878 0.0964026   0.92795  0.181148 0.0688156
underflow!0.00180664
pos 0.659329 0.0852348  0.886912  0.388072  0.269228
overflow!
overflow!
underflow!0.000606941
pos0.0925244 0.0379866  0.172474 0.0975576  0.507696
overflow!
overflow!
overflow!
underflow!0.000572274
pos  0.199005   0.096397 0.00233328   0.491133    0.22882
underflow!1.61141e-05
pos  0.199005   0.096397 0.00233328   0.491133    0.22882
overflow!
overflow!
overflow!
underflow!0.00339645
pos 0.567246   0.88349  0.121549   0.52179 0.0211212
underflow!2.07047e-05
pos 0.123043  0.645905   0.72681  0.723273 0.0803028
underflow!0.00452521
pos  0.376285   0.332001 0.00452521   0.447538   0.649456
overflow!
overflow!
underflow!1.80685e-14
pos 0.599397 0.0590393  0.504276  0.905005  0.656885
overflow!
underflow!1.08297e-16
pos 0.512427  0.778522  0.339569 0.0146443 0.0178277
underflow!8.09371e-17
pos  0.42705  0.273474  0.170151  0.749403 0.0205718
underflow!7.28279e-07
pos0.914465 0.565433 0.227778 0.014623 0.040207
underflow!6.29296e-05
pos 0.672087  0.215439  0.478024 0.0817457  0.148365
overflow!
underflow!0.00452777
pos  0.880388   0.215542   0.938459   0.728588 0.00452777
underflow!0.00406165
pos0.00406165   0.604825   0.495502   0.697258   0.456366
overflow!
underflow!0.00315858
pos  0.761714   0.809989   0.150988   0.987753 0.00315858
underflow!3.61205e-15
pos  0.761714   0.809989   0.150988   0.987753 0.00315858
overflow!
underflow!0.00241661
pos  0.620934 0.00241661    0.80751   0.559163   0.987528
overflow!
underflow!0.000216312
pos 0.606109  0.165107  0.685843  0.835272 0.0335055
underflow!0.000810653
pos 0.174229  0.698193  0.742345  0.898034 0.0801656
overflow!
underflow!0.000673542
pos 0.225803  0.935636  0.570101 0.0760352  0.567831
underflow!1.86625e-09
pos 0.225803  0.935636  0.570101 0.0760352  0.567831
underflow!5.31631e-06
pos 0.0615457 0.00224902  0.0175403   0.215106   0.891315
underflow!0.00472094
pos  0.299564  0.0416478   0.930617   0.977816 0.00472094
underflow!7.57316e-06
pos  0.299564  0.0416478   0.930617   0.977816 0.00472094
overflow!
underflow!0.00033895
pos 0.474755  0.921594  0.951602 0.0144795  0.153058
underflow!1.56989e-17
pos 0.847086  0.187203  0.544756 0.0217929  0.582204
underflow!2.64685e-72
pos  0.825954   0.500199 0.00524491    0.66646   0.798941
underflow!0.00190254
pos0.232498 0.158946 0.358235 0.825419   0.7645
underflow!2.49057e-07
pos 0.450841  0.457909 0.0210207  0.361217  0.696423
underflow!0.000507858
pos 0.692886  0.583097  0.993123 0.0425661  0.180261
overflow!
overflow!
overflow!
underflow!0.00219793
pos0.0490836  0.667012  0.628836  0.888983 0.0164917
underflow!3.49711e-06
pos0.0490836  0.667012  0.628836  0.888983 0.0164917
underflow!2.57915e-06
pos0.0490836  0.667012  0.628836  0.888983 0.0164917
underflow!1.08104e-16
pos 0.647722  0.580954 0.0553475   0.28209  0.891514
underflow!1.35969e-08
pos 0.723798 0.0405779  0.249926  0.270156  0.821673
underflow!0.00185039
pos  0.196386   0.662208   0.248301   0.254024 0.00185039
underflow!0.00297946
pos0.00297946   0.708801 0.00632478   0.143309   0.394778
overflow!
overflow!
overflow!
overflow!
overflow!
underflow!1.46307e-07
pos0.0229704  0.155026  0.993293  0.907071  0.962387
underflow!2.70652e-05
pos  0.17434  0.387075 0.0951182  0.556512  0.254847
underflow!5.22026e-06
pos 0.877253 0.0925963  0.633056 0.0824175  0.357764
overflow!
underflow!0.00431747
pos 0.0988063    0.51309   0.725289 0.00431747   0.274088
underflow!0.00398925
pos0.988577 0.251178 0.358672 0.338071  0.41366
underflow!0.00291189
pos  0.226948   0.199189   0.215757 0.00291189   0.925905
underflow!3.82578e-06
pos 0.760846  0.175947 0.0766867 0.0627492  0.259651
underflow!0.00495121
pos  0.014541    0.56718   0.305096   0.905691 0.00495121
underflow!0.00260995
pos   0.576784    0.860067   0.0822846   0.0635359 0.000156909
overflow!
underflow!0.00273335
pos  0.247488  0.0883005    0.94551 0.00273335   0.331259
underflow!0.000416924
pos  0.247488  0.0883005    0.94551 0.00273335   0.331259
underflow!2.02411e-08
pos  0.247488  0.0883005    0.94551 0.00273335   0.331259
underflow!4.08009e-06
pos 0.496079  0.321196 0.0588158  0.199648  0.612298
overflow!
underflow!2.2038e-06
pos 0.736591 0.0547722   0.79392  0.119353  0.528805
overflow!
underflow!8.97285e-06
pos0.358338 0.940087 0.496224 0.241751  0.29566
underflow!0.000556078
pos0.0216074  0.962925  0.920438  0.398711  0.112985
underflow!0.00128347
pos  0.569628 0.00128347   0.798806   0.546447   0.329939
overflow!
underflow!0.00110472
pos 0.445639  0.973557  0.633141  0.942751 0.0906797
underflow!3.57228e-12
pos 0.445639  0.973557  0.633141  0.942751 0.0906797
underflow!1.29207e-25
pos  0.178722   0.169473  0.0484365   0.202965 0.00660592
underflow!2.98565e-07
pos 0.812549  0.298423  0.447033  0.894879 0.0542136
overflow!
overflow!
overflow!
overflow!
underflow!0.00323054
pos0.00323054  0.0587715   0.229898   0.289558   0.976724
overflow!
underflow!1.2516e-08
pos 0.592604 0.0208066  0.976613 0.0161696  0.181009
underflow!4.36101e-07
pos 0.592604 0.0208066  0.976613 0.0161696  0.181009
overflow!
overflow!
overflow!
underflow!0.00271557
pos  0.526746 0.00271557   0.779847  0.0283415  0.0896445
overflow!
overflow!
overflow!
underflow!0.00463788
pos0.689744 0.121538 0.746734 0.594972 0.151143
underflow!0.0049759
pos 0.794682 0.0049759  0.071829   0.60931  0.418969
underflow!9.02919e-05
pos 0.794682 0.0049759  0.071829   0.60931  0.418969
overflow!
overflow!
overflow!
overflow!
underflow!5.38289e-10
pos 0.307618  0.730382  0.620263 0.0467324  0.439729
overflow!
overflow!
overflow!
underflow!0.000181431
pos 0.157731  0.453064 0.0639984 0.0401328  0.544019
overflow!
overflow!
underflow!2.10332e-16
pos    0.6841   0.789317   0.010485 0.00989255   0.662932
overflow!
underflow!8.46918e-06
pos 0.919255  0.680621  0.851005  0.910293 0.0337056
underflow!2.2198e-07
pos 0.919255  0.680621  0.851005  0.910293 0.0337056
underflow!1.12738e-07
pos 0.238288  0.535301  0.307612   0.16528 0.0218132
underflow!3.03688e-05
pos 0.565856  0.521769  0.773803  0.984217 0.0612702
underflow!3.48527e-27
pos 0.565856  0.521769  0.773803  0.984217 0.0612702
underflow!0.00199102
pos  0.426367   0.200603 0.00199102    0.57773   0.654885
underflow!2.61681e-05
pos 0.946269  0.617698 0.0308765  0.881615  0.938736
underflow!2.82483e-06
pos 0.946269  0.617698 0.0308765  0.881615  0.938736
overflow!
underflow!0.000194624
pos0.313749 0.666772 0.117113 0.684641 0.312303
overflow!
overflow!
overflow!
overflow!
overflow!
underflow!0.00295335
pos 0.566755  0.595454 0.0178848  0.390355  0.669369
overflow!
overflow!
underflow!4.78715e-06
pos 0.513104  0.954905  0.842357 0.0579324  0.584598
overflow!
underflow!0.000150183
pos   0.619204    0.575025    0.715872    0.848963 0.000150183
underflow!9.04834e-05
pos 0.560233 0.0484958  0.197962  0.597498  0.982022
overflow!
underflow!0.000403792
pos 0.168194  0.271407  0.286571  0.740884 0.0542896
underflow!1.11715e-12
pos 0.168194  0.271407  0.286571  0.740884 0.0542896
underflow!5.76896e-41
pos  0.650506   0.111682   0.149933 0.00703056   0.434078
underflow!1.14187e-08
pos 0.832145  0.105658  0.472216  0.793977 0.0464966
overflow!
overflow!
underflow!0.000593546
pos 0.581367  0.947859   0.43771 0.0464448   0.20139
underflow!0.000726246
pos0.986885 0.220883 0.405826 0.259422 0.178387
underflow!1.51261e-06
pos 0.816514  0.516397  0.833494  0.591537 0.0269127
overflow!
overflow!
overflow!
overflow!
overflow!
overflow!
overflow!
overflow!
overflow!
underflow!1.74897e-12
pos 0.676314  0.921488  0.513661  0.341792 0.0449078
underflow!0.00229718
pos  0.754509   0.931021 0.00229718   0.986258   0.819717
overflow!
underflow!0.00140765
pos 0.907738  0.208529  0.903795  0.622666 0.0835613
overflow!
underflow!0.00139957
pos0.253582 0.291428  0.39328 0.124175 0.437626
overflow!
underflow!1.11216e-06
pos0.0890533  0.454184  0.817809 0.0474487  0.850012
overflow!
overflow!
overflow!
underflow!0.00206856
pos0.167947 0.251189 0.210027 0.675067 0.182845
overflow!
underflow!0.000954395
pos0.087159 0.253649 0.116204 0.110379 0.225817
overflow!
underflow!7.68278e-05
pos 0.0660108   0.311204   0.963376   0.432007 0.00766072
overflow!
underflow!0.000504859
pos0.294248 0.407019 0.650032  0.27215 0.163902
overflow!
overflow!
overflow!
overflow!
overflow!
underflow!1.50268e-06
pos 0.652841  0.737236  0.776016 0.0315851  0.368222
overflow!
underflow!0.0012844
pos 0.860449  0.758698  0.223755 0.0564501  0.210993
underflow!0.00261365
pos0.566414 0.154904 0.269039 0.125507 0.828164
underflow!5.51476e-06
pos0.566414 0.154904 0.269039 0.125507 0.828164
overflow!
overflow!
overflow!
overflow!
overflow!
overflow!
underflow!0.000766522
pos0.145949 0.395942 0.832738 0.176174 0.728311
overflow!
underflow!0.00206804
pos0.536745 0.743424 0.434788  0.14194 0.949269
overflow!
overflow!
overflow!
overflow!
underflow!1.35676e-15
pos0.549996 0.704366 0.311892 0.128972 0.339215
underflow!0.00454554
pos 0.880966  0.366511 0.0577807  0.567079  0.137327
underflow!0.00194371
pos0.0607276  0.616648  0.132712  0.170939   0.31056
underflow!0.000945169
pos0.0607276  0.616648  0.132712  0.170939   0.31056
overflow!
underflow!0.00112059
pos0.662756 0.778833 0.605311 0.784048 0.298689
underflow!4.76811e-05
pos0.662756 0.778833 0.605311 0.784048 0.298689
overflow!
underflow!0.000269515
pos0.133118 0.118591 0.885454 0.237815 0.162998
overflow!
overflow!
overflow!
overflow!
overflow!
overflow!
overflow!
overflow!
underflow!0.0035407
pos 0.914452   0.13008 0.0948594  0.541233  0.265273
overflow!
overflow!
overflow!
overflow!
overflow!
overflow!
overflow!
overflow!
overflow!
overflow!
overflow!
overflow!
underflow!0.000144889
pos 0.655426 0.0402221 0.0643142  0.644826  0.871517
overflow!
underflow!2.65198e-06
pos0.934128 0.238763 0.809657 0.413832 0.086494
underflow!4.01308e-05
pos 0.364108  0.645595 0.0434778  0.648419  0.333758
underflow!0.00163552
pos 0.364108  0.645595 0.0434778  0.648419  0.333758
underflow!9.23981e-09
pos0.470293 0.265182 0.354745 0.361141 0.474843
underflow!0.00114906
pos 0.149711 0.0975813 0.0731952  0.676447  0.714768
underflow!4.71037e-05
pos0.408647 0.920274 0.414044 0.186823 0.624874
underflow!6.17968e-05
pos0.408647 0.920274 0.414044 0.186823 0.624874
underflow!0.000425301
pos0.460349 0.390543  0.70656 0.528759 0.768562
overflow!
underflow!0.00298136
pos 0.153979  0.594259  0.762573 0.0905956  0.544426
underflow!0.00158509
pos 0.502379  0.679684  0.398005  0.727657 0.0324839
underflow!0.00397706
pos0.878413 0.981623 0.974657 0.323218 0.304684
overflow!
overflow!
underflow!0.000178063
pos0.118401 0.394997 0.308789   0.1368 0.245703
underflow!0.000318677
pos 0.658164  0.347846 0.0207898  0.646843  0.519918
overflow!
overflow!
underflow!0.000109169
pos0.519688 0.839507 0.783142 0.179251 0.277002
overflow!
overflow!
overflow!
underflow!0.00319262
pos 0.465988  0.729835  0.106158 0.0690818  0.644775
underflow!0.00312785
pos 0.192141  0.527234  0.786057  0.428321 0.0816009
overflow!
overflow!
underflow!0.000384978
pos0.668244 0.620132 0.906861 0.154722 0.877212
overflow!
underflow!6.92291e-05
pos0.657698 0.168516 0.315955 0.225939  0.24134
underflow!6.02107e-20
pos0.642428 0.463168 0.595666 0.300869 0.186961
overflow!
overflow!
overflow!
underflow!0.000155916
pos 0.671436  0.150195  0.661189  0.668497 0.0567537
overflow!
overflow!
overflow!
underflow!0.00265678
pos0.761036 0.112899 0.220036 0.130577 0.731502
underflow!0.00326949
pos0.351855 0.674829 0.712401 0.338359 0.848134
overflow!
underflow!0.00393233
pos0.0744991  0.629483 0.0606525  0.726853  0.319593
overflow!
overflow!
overflow!
overflow!
overflow!
overflow!
underflow!3.01646e-05
pos   0.3013 0.0880504  0.131068  0.893747 0.0558875
overflow!
overflow!
underflow!0.00370991
pos 0.198508 0.0612629  0.834724 0.0841638  0.902533
underflow!1.12088e-05
pos 0.198508 0.0612629  0.834724 0.0841638  0.902533
underflow!0.000422538
pos0.502458 0.903997  0.63054 0.475695 0.299045
underflow!1.3636e-07
pos  0.74071 0.0975213  0.770374  0.206285  0.117172
overflow!
overflow!
overflow!
overflow!
overflow!
underflow!2.56981e-05
pos 0.121816  0.902489 0.0974772  0.795394  0.777342
underflow!1.13028e-18
pos 0.121816  0.902489 0.0974772  0.795394  0.777342
overflow!
overflow!
overflow!
underflow!0.000995423
pos0.378725  0.70495 0.450961 0.236892 0.243986
underflow!0.00215366
pos0.374424 0.492444 0.762707 0.313793 0.585281
overflow!
overflow!
underflow!0.00440754
pos0.327481   0.7253 0.329945 0.603884 0.480929
overflow!
overflow!
underflow!0.000686252
pos0.596547 0.596083 0.263772 0.232693 0.664107
overflow!
overflow!
underflow!0.0010342
pos 0.751202   0.60848   0.62504 0.0952351  0.857807
overflow!
overflow!
underflow!0.00462094
pos  0.882585    0.84821   0.583438   0.884416 0.00462094
overflow!
overflow!
underflow!8.73189e-07
pos  0.77106  0.608977  0.453136  0.319502 0.0379268
overflow!
overflow!
underflow!0.00010093
pos0.293233  0.63551 0.797093 0.219933 0.787654
overflow!
overflow!
underflow!0.00176993
pos 0.571082  0.202462  0.694612 0.0334117  0.712317
overflow!
overflow!
overflow!
underflow!0.000150269
pos 0.343056  0.758522   0.11304 0.0654688  0.234299
underflow!0.00096295
pos 0.343056  0.758522   0.11304 0.0654688  0.234299
overflow!
underflow!3.15975e-05
pos0.415081 0.517715 0.580804 0.412626   0.5988
overflow!
overflow!
underflow!0.0010483
pos0.656399 0.535774 0.646312 0.375533 0.735076
underflow!6.24773e-11
pos0.656399 0.535774 0.646312 0.375533 0.735076
overflow!
underflow!7.60395e-06
pos0.593272 0.813044 0.638937 0.211874 0.445992
underflow!0.00329045
pos0.636822 0.316825 0.580982 0.389561 0.865943
overflow!
overflow!
overflow!
overflow!
underflow!0.000464623
pos0.335394 0.507638 0.896445 0.308111 0.309488
underflow!0.000784677
pos0.328202 0.376777 0.736001 0.303714 0.584239
overflow!
overflow!
overflow!
overflow!
overflow!
overflow!
underflow!0.00355604
pos0.329843 0.527443 0.608511 0.305588   0.6388
overflow!
overflow!
overflow!
overflow!
underflow!0.00470311
pos0.536277  0.67413 0.850611 0.231196 0.527833
overflow!
overflow!
overflow!
overflow!
overflow!
overflow!
overflow!
overflow!
overflow!
overflow!
overflow!
overflow!
underflow!3.03804e-05
pos0.114154 0.585796 0.465453 0.276052 0.502782
underflow!6.58547e-06
pos0.114154 0.585796 0.465453 0.276052 0.502782
overflow!
underflow!0.000110022
pos0.548399 0.899181 0.716459 0.197877 0.849626
underflow!0.00483893
pos0.233728 0.666328 0.851046 0.734454 0.265289
underflow!1.71702e-14
pos0.233728 0.666328 0.851046 0.734454 0.265289
overflow!
underflow!0.00151739
pos0.278805 0.304345 0.533423  0.33774 0.206618
overflow!
overflow!
overflow!
overflow!
overflow!
underflow!0.00206123
pos 0.207616   0.50221  0.890928 0.0873597  0.548257
overflow!
overflow!
underflow!1.67027e-18
pos0.918826 0.220631  0.16976  0.78873 0.698734
overflow!
underflow!0.00402452
pos0.443672 0.542461 0.490211  0.25668 0.675315
overflow!
overflow!
overflow!
overflow!
underflow!0.00310345
pos0.456174 0.655662 0.279994 0.265548 0.443282
overflow!
overflow!
overflow!
overflow!
overflow!
overflow!
overflow!
overflow!
overflow!
overflow!
overflow!
overflow!
overflow!
overflow!
underflow!8.4332e-08
pos0.428936 0.672421 0.894427 0.486557 0.540246
underflow!1.12703e-10
pos0.360744 0.869021 0.807548 0.282776  0.38094
overflow!
overflow!
overflow!
overflow!
overflow!
overflow!
underflow!2.59288e-09
pos 0.48948 0.797255 0.741016 0.373827 0.879924
overflow!
overflow!
overflow!
overflow!
overflow!
overflow!
overflow!
overflow!
underflow!0.000613014
pos0.347315 0.647117 0.528714 0.275626 0.660537
underflow!2.08006e-11
pos0.347315 0.647117 0.528714 0.275626 0.660537
underflow!0.00135329
pos0.347315 0.647117 0.528714 0.275626 0.660537
overflow!
overflow!
underflow!0.00202269
pos0.431757 0.519259 0.603343 0.289436 0.719708
overflow!
overflow!
overflow!
underflow!0.000273173
pos0.317539  0.74304  0.44701 0.217098 0.795666
underflow!0.00171201
pos0.434402 0.673787 0.763316 0.289816 0.667788
overflow!
overflow!
underflow!1.16969e-05
pos0.562936 0.721137 0.769238 0.205653 0.731015
underflow!0.000148019
pos0.570714 0.590187 0.430394 0.184845  0.49982
overflow!
overflow!
overflow!
overflow!
overflow!
overflow!
overflow!
overflow!
overflow!
overflow!
overflow!
overflow!
overflow!
overflow!
overflow!
overflow!
underflow!2.20348e-08
pos0.309828 0.534639 0.831019 0.285944 0.620107
underflow!1.27792e-09
pos0.309828 0.534639 0.831019 0.285944 0.620107
overflow!
overflow!
overflow!
overflow!
underflow!1.99847e-06
pos0.404101 0.517138 0.525771 0.332583 0.792352
underflow!0.000589118
pos0.536917 0.405861 0.792318 0.250275 0.522804
overflow!
overflow!
underflow!4.74781e-06
pos0.268963 0.426771 0.504542 0.284356 0.801001
overflow!
overflow!
overflow!
underflow!0.00149382
pos0.370938 0.642287 0.649741 0.397303 0.853667
overflow!
overflow!
overflow!
underflow!3.45192e-06
pos0.427243 0.745581 0.424999 0.183984 0.512255
overflow!
overflow!
overflow!
overflow!
overflow!
overflow!
overflow!
overflow!
overflow!
overflow!
overflow!
overflow!
underflow!1.1394e-05
pos0.217958 0.590858 0.697574 0.351469 0.783943
overflow!
overflow!
overflow!
overflow!
overflow!
overflow!
overflow!
overflow!
overflow!
overflow!
underflow!2.67456e-11
pos0.321574 0.711544  0.37315 0.290848 0.673151
overflow!
overflow!
overflow!
overflow!
overflow!
GBMAT from blind PSO:

0.942167 0.298276 0.762138 0.680079 0.801714  15790.3
0.942167 0.298276 0.762138 0.680079 0.801714  15790.3
0.342942 0.744079 0.695234 0.322996 0.899797  1379.99
0.342787 0.763291 0.713333 0.310997 0.894737  1374.28
0.314172 0.704514 0.707101 0.339345 0.882498  1370.89
0.245034 0.654842 0.722527  0.39122 0.856841  1368.35

truk:  0.276782  0.837081  0.443217 0.0424412  0.304645
total difference b/w truk and final GBVEC0.5388

blind PSO FINISHED RUNNING IN 3 s TIME!
targeted PSO has started!
Updating Weight Matrix!
GBVEC AND COST:0.245034 0.654842 0.722527  0.39122 0.856841  1368.35
new wt mat:
  0.00086662  -0.00204881  0.000409425 -2.18674e-05 -1.22094e-05 -4.03167e-06  5.70481e-05 -2.11392e-05  2.60184e-05
 -0.00204881   0.00495048  -0.00102396  2.63607e-05 -9.96388e-05  5.10484e-06 -2.27787e-05  3.07989e-05 -1.52196e-05
 0.000409425  -0.00102396  0.000226065  -6.0466e-06  5.04487e-06 -2.55372e-06  1.35111e-05 -1.09766e-05  1.48096e-05
-2.18674e-05  2.63607e-05  -6.0466e-06  0.000516068   0.00299502  0.000140961  -0.00248907  0.000548718  -0.00131223
-1.22094e-05 -9.96388e-05  5.04487e-06   0.00299502    0.0177054  0.000863404   -0.0145816   0.00328102  -0.00790898
-4.03167e-06  5.10484e-06 -2.55372e-06  0.000140961  0.000863404  4.52296e-05 -0.000698923  0.000164234 -0.000401487
 5.70481e-05 -2.27787e-05  1.35111e-05  -0.00248907   -0.0145816 -0.000698923    0.0120625   -0.0026873   0.00645259
-2.11392e-05  3.07989e-05 -1.09766e-05  0.000548718   0.00328102  0.000164234   -0.0026873  0.000614485  -0.00148754
 2.60184e-05 -1.52196e-05  1.48096e-05  -0.00131223  -0.00790898 -0.000401487   0.00645259  -0.00148754   0.00361335
overflow!
overflow!
overflow!
overflow!
overflow!
overflow!
overflow!
overflow!
overflow!
overflow!
overflow!
overflow!
overflow!
overflow!
overflow!
overflow!
overflow!
overflow!
Updating Weight Matrix!
GBVEC AND COST:  0.419376   0.642659   0.708357   0.374811   0.859612 0.00674699
new wt mat:
 8.52556e-05 -0.000137644  1.03252e-05 -1.78189e-05 -5.62015e-05  3.44673e-07  6.56722e-05 -9.79414e-06  1.26057e-05
-0.000137644  0.000282953 -4.96329e-05  2.75695e-05   6.8888e-05 -3.87063e-06 -9.54114e-05  1.00806e-05 -9.26608e-07
 1.03252e-05 -4.96329e-05  2.28414e-05 -4.04646e-06 -1.04753e-05  8.81794e-07  1.49911e-05 -2.09334e-06 -1.70132e-07
-1.78189e-05  2.75695e-05 -4.04646e-06  5.11968e-05  0.000226365  8.03185e-06 -0.000217612  4.34119e-05 -8.80759e-05
-5.62015e-05   6.8888e-05 -1.04753e-05  0.000226365   0.00106874   4.6606e-05 -0.000990799  0.000215723 -0.000459133
 3.44673e-07 -3.87063e-06  8.81794e-07  8.03185e-06   4.6606e-05   3.1265e-06 -3.87318e-05  1.06248e-05 -2.52796e-05
 6.56722e-05 -9.54114e-05  1.49911e-05 -0.000217612 -0.000990799 -3.87318e-05  0.000937207 -0.000194716  0.000403707
-9.79414e-06  1.00806e-05 -2.09334e-06  4.34119e-05  0.000215723  1.06248e-05 -0.000194716  4.55117e-05 -9.93627e-05
 1.26057e-05 -9.26608e-07 -1.70132e-07 -8.80759e-05 -0.000459133 -2.52796e-05  0.000403707 -9.93627e-05  0.000223661
overflow!
overflow!
overflow!
overflow!
overflow!
overflow!
overflow!
overflow!
overflow!
overflow!
overflow!
Updating Weight Matrix!
GBVEC AND COST:    0.39935    0.629381    0.708615    0.382911    0.853233 0.000584019
new wt mat:
 8.54381e-05 -0.000139021  1.08939e-05 -1.71517e-05 -5.15458e-05  7.39087e-07  6.21514e-05 -8.67575e-06  9.72223e-06
-0.000139021  0.000288516  -5.1509e-05  2.61181e-05  5.94898e-05 -4.56892e-06 -8.80612e-05  7.99137e-06  4.38996e-06
 1.08939e-05  -5.1509e-05  2.33777e-05 -3.54758e-06 -7.69702e-06  1.04667e-06  1.26443e-05 -1.51531e-06 -1.54863e-06
-1.71517e-05  2.61181e-05 -3.54758e-06  4.87358e-05  0.000210351  6.68695e-06 -0.000205019  3.93611e-05 -7.80673e-05
-5.15458e-05  5.94898e-05 -7.69702e-06  0.000210351  0.000975649  3.98367e-05 -0.000913472  0.000193453 -0.000406085
 7.39087e-07 -4.56892e-06  1.04667e-06  6.68695e-06  3.98367e-05   2.7479e-06  -3.2674e-05  9.14706e-06 -2.19793e-05
 6.21514e-05 -8.80612e-05  1.26443e-05 -0.000205019 -0.000913472  -3.2674e-05  0.000874684 -0.000175688  0.000357515
-8.67575e-06  7.99137e-06 -1.51531e-06  3.93611e-05  0.000193453  9.14706e-06 -0.000175688  4.03639e-05 -8.73676e-05
 9.72223e-06  4.38996e-06 -1.54863e-06 -7.80673e-05 -0.000406085 -2.19793e-05  0.000357515 -8.73676e-05  0.000196164
overflow!
overflow!
overflow!
overflow!
overflow!
overflow!
Updating Weight Matrix!
GBVEC AND COST:    0.39923    0.628898    0.708067    0.382904    0.853221 0.000584607
new wt mat:
 8.56643e-05 -0.000139509  1.09803e-05  -1.7183e-05 -5.16444e-05  7.40892e-07  6.22678e-05 -8.69057e-06  9.73781e-06
-0.000139509  0.000289555 -5.16891e-05  2.61842e-05    5.966e-05  -4.5772e-06  -8.8291e-05  8.01467e-06  4.38519e-06
 1.09803e-05 -5.16891e-05  2.34082e-05 -3.56139e-06 -7.73664e-06  1.04768e-06  1.26941e-05 -1.52178e-06 -1.54312e-06
 -1.7183e-05  2.61842e-05 -3.56139e-06  4.88351e-05  0.000210891  6.70938e-06 -0.000205483  3.94574e-05 -7.82898e-05
-5.16444e-05    5.966e-05 -7.73664e-06  0.000210891  0.000978658  3.99787e-05 -0.000916025  0.000194022 -0.000407413
 7.40892e-07  -4.5772e-06  1.04768e-06  6.70938e-06  3.99787e-05  2.75663e-06 -3.27873e-05  9.17697e-06 -2.20525e-05
 6.22678e-05  -8.8291e-05  1.26941e-05 -0.000205483 -0.000916025 -3.27873e-05  0.000876863 -0.000176157  0.000358604
-8.69057e-06  8.01467e-06 -1.52178e-06  3.94574e-05  0.000194022  9.17697e-06 -0.000176157  4.04755e-05 -8.76345e-05
 9.73781e-06  4.38519e-06 -1.54312e-06 -7.82898e-05 -0.000407413 -2.20525e-05  0.000358604 -8.76345e-05  0.000196805
overflow!
overflow!
overflow!
overflow!
overflow!
Updating Weight Matrix!
GBVEC AND COST:    0.39926    0.628922    0.708103    0.382884    0.853226 0.000585661
new wt mat:
 8.56322e-05 -0.000139442  1.09694e-05 -1.71789e-05 -5.16327e-05    7.404e-07   6.2253e-05 -8.68919e-06  9.73731e-06
-0.000139442  0.000289417 -5.16678e-05  2.61762e-05  5.96421e-05 -4.57568e-06 -8.82645e-05  8.01297e-06   4.3827e-06
 1.09694e-05 -5.16678e-05  2.34051e-05 -3.56013e-06 -7.73356e-06  1.04749e-06  1.26898e-05 -1.52135e-06  -1.5431e-06
-1.71789e-05  2.61762e-05 -3.56013e-06   4.8822e-05  0.000210826  6.70753e-06 -0.000205424   3.9447e-05 -7.82672e-05
-5.16327e-05  5.96421e-05 -7.73356e-06  0.000210826  0.000978311  3.99652e-05 -0.000915723  0.000193961 -0.000407274
   7.404e-07 -4.57568e-06  1.04749e-06  6.70753e-06  3.99652e-05   2.7557e-06 -3.27772e-05  9.17403e-06  -2.2045e-05
  6.2253e-05 -8.82645e-05  1.26898e-05 -0.000205424 -0.000915723 -3.27772e-05  0.000876596 -0.000176106  0.000358492
-8.68919e-06  8.01297e-06 -1.52135e-06   3.9447e-05  0.000193961  9.17403e-06 -0.000176106   4.0464e-05 -8.76071e-05
 9.73731e-06   4.3827e-06  -1.5431e-06 -7.82672e-05 -0.000407274  -2.2045e-05  0.000358492 -8.76071e-05  0.000196738
overflow!
GBMAT after targeted PSO:
   0.942167    0.298276    0.762138    0.680079    0.801714     15790.3
   0.942167    0.298276    0.762138    0.680079    0.801714     15790.3
   0.342942    0.744079    0.695234    0.322996    0.899797     1379.99
   0.342787    0.763291    0.713333    0.310997    0.894737     1374.28
   0.314172    0.704514    0.707101    0.339345    0.882498     1370.89
   0.245034    0.654842    0.722527     0.39122    0.856841     1368.35
   0.245034    0.654842    0.722527     0.39122    0.856841     6.77575
   0.245034    0.654842    0.722527     0.39122    0.856841     6.77575
   0.605113    0.656976    0.517869    0.394095    0.830992     2.02044
   0.764587    0.496497    0.257316    0.394095    0.830992    0.593313
   0.422859    0.849092    0.870257     0.34105    0.874822    0.144724
   0.422859    0.849092    0.870257     0.34105    0.874822    0.144724
   0.422859    0.849092    0.870257     0.34105    0.874822    0.144724
   0.598509    0.866223    0.632239    0.314489    0.884657    0.110079
   0.598509    0.866223    0.632239    0.314489    0.884657    0.110079
   0.598509    0.866223    0.632239    0.314489    0.884657    0.110079
   0.598509    0.866223    0.632239    0.314489    0.884657    0.110079
    0.41276    0.792688    0.778261    0.395146    0.865333   0.0226524
    0.41276    0.792688    0.778261    0.395146    0.865333   0.0226524
    0.41276    0.792688    0.778261    0.395146    0.865333   0.0226524
    0.41276    0.792688    0.778261    0.395146    0.865333   0.0226524
    0.41276    0.792688    0.778261    0.395146    0.865333   0.0226524
    0.41276    0.792688    0.778261    0.395146    0.865333   0.0226524
    0.41276    0.792688    0.778261    0.395146    0.865333   0.0226524
    0.41276    0.792688    0.778261    0.395146    0.865333   0.0226524
    0.41276    0.792688    0.778261    0.395146    0.865333   0.0226524
    0.41276    0.792688    0.778261    0.395146    0.865333   0.0226524
    0.41276    0.792688    0.778261    0.395146    0.865333   0.0226524
    0.41276    0.792688    0.778261    0.395146    0.865333   0.0226524
    0.41276    0.792688    0.778261    0.395146    0.865333   0.0226524
    0.41276    0.792688    0.778261    0.395146    0.865333   0.0226524
   0.419207      0.7931    0.779101    0.397212    0.865333   0.0144817
   0.419207      0.7931    0.779101    0.397212    0.865333   0.0144817
   0.419207      0.7931    0.779101    0.397212    0.865333   0.0144817
   0.419207      0.7931    0.779101    0.397212    0.865333   0.0144817
   0.419207      0.7931    0.779101    0.397212    0.865333   0.0144817
   0.419207      0.7931    0.779101    0.397212    0.865333   0.0144817
   0.419207      0.7931    0.779101    0.397212    0.865333   0.0144817
   0.419207      0.7931    0.779101    0.397212    0.865333   0.0144817
   0.419207      0.7931    0.779101    0.397212    0.865333   0.0144817
   0.419207      0.7931    0.779101    0.397212    0.865333   0.0144817
   0.419207      0.7931    0.779101    0.397212    0.865333   0.0144817
   0.419207      0.7931    0.779101    0.397212    0.865333   0.0144817
   0.419207      0.7931    0.779101    0.397212    0.865333   0.0144817
   0.419207      0.7931    0.779101    0.397212    0.865333   0.0144817
   0.419207      0.7931    0.779101    0.397212    0.865333   0.0144817
   0.419207      0.7931    0.779101    0.397212    0.865333   0.0144817
   0.419207      0.7931    0.779101    0.397212    0.865333   0.0144817
   0.419207      0.7931    0.779101    0.397212    0.865333   0.0144817
   0.419207      0.7931    0.779101    0.397212    0.865333   0.0144817
   0.419207      0.7931    0.779101    0.397212    0.865333   0.0144817
   0.419207      0.7931    0.779101    0.397212    0.865333   0.0144817
   0.419207      0.7931    0.779101    0.397212    0.865333   0.0144817
   0.419207      0.7931    0.779101    0.397212    0.865333   0.0144817
   0.419207      0.7931    0.779101    0.397212    0.865333   0.0144817
   0.419207      0.7931    0.779101    0.397212    0.865333   0.0144817
   0.419207      0.7931    0.779101    0.397212    0.865333   0.0144817
   0.419207      0.7931    0.779101    0.397212    0.865333   0.0144817
   0.419207      0.7931    0.779101    0.397212    0.865333   0.0144817
   0.419207      0.7931    0.779101    0.397212    0.865333   0.0144817
   0.419207      0.7931    0.779101    0.397212    0.865333   0.0144817
   0.419207      0.7931    0.779101    0.397212    0.865333   0.0144817
   0.419207      0.7931    0.779101    0.397212    0.865333   0.0144817
   0.419207      0.7931    0.779101    0.397212    0.865333   0.0144817
   0.419207      0.7931    0.779101    0.397212    0.865333   0.0144817
   0.419207      0.7931    0.779101    0.397212    0.865333   0.0144817
   0.419207      0.7931    0.779101    0.397212    0.865333   0.0144817
   0.419207      0.7931    0.779101    0.397212    0.865333   0.0144817
   0.419207      0.7931    0.779101    0.397212    0.865333   0.0144817
   0.419207      0.7931    0.779101    0.397212    0.865333   0.0144817
   0.419207      0.7931    0.779101    0.397212    0.865333   0.0144817
   0.420663    0.709481    0.753406    0.365239    0.859597   0.0124721
   0.420663    0.709481    0.753406    0.365239    0.859597   0.0124721
   0.420663    0.709481    0.753406    0.365239    0.859597   0.0124721
   0.420663    0.709481    0.753406    0.365239    0.859597   0.0124721
   0.420663    0.709481    0.753406    0.365239    0.859597   0.0124721
   0.427392    0.702039    0.742599    0.373243    0.859597   0.0121413
   0.427392    0.702039    0.742599    0.373243    0.859597   0.0121413
   0.427392    0.702039    0.742599    0.373243    0.859597   0.0121413
   0.427392    0.702039    0.742599    0.373243    0.859597   0.0121413
   0.427392    0.702039    0.742599    0.373243    0.859597   0.0121413
   0.427392    0.702039    0.742599    0.373243    0.859597   0.0121413
   0.427392    0.702039    0.742599    0.373243    0.859597   0.0121413
   0.427392    0.702039    0.742599    0.373243    0.859597   0.0121413
   0.427392    0.702039    0.742599    0.373243    0.859597   0.0121413
   0.427392    0.702039    0.742599    0.373243    0.859597   0.0121413
   0.427392    0.702039    0.742599    0.373243    0.859597   0.0121413
   0.427392    0.702039    0.742599    0.373243    0.859597   0.0121413
   0.427392    0.702039    0.742599    0.373243    0.859597   0.0121413
   0.427392    0.702039    0.742599    0.373243    0.859597   0.0121413
   0.427392    0.702039    0.742599    0.373243    0.859597   0.0121413
   0.427392    0.702039    0.742599    0.373243    0.859597   0.0121413
   0.427392    0.702039    0.742599    0.373243    0.859597   0.0121413
   0.459031    0.697517    0.693813    0.341968    0.858454   0.0110386
   0.459031    0.697517    0.693813    0.341968    0.858454   0.0110386
   0.459031    0.697517    0.693813    0.341968    0.858454   0.0110386
   0.459031    0.697517    0.693813    0.341968    0.858454   0.0110386
   0.459031    0.697517    0.693813    0.341968    0.858454   0.0110386
   0.459031    0.697517    0.693813    0.341968    0.858454   0.0110386
   0.459031    0.697517    0.693813    0.341968    0.858454   0.0110386
   0.459031    0.697517    0.693813    0.341968    0.858454   0.0110386
   0.433807    0.712978    0.736354    0.368065    0.859404  0.00899522
   0.433807    0.712978    0.736354    0.368065    0.859404  0.00899522
   0.433807    0.712978    0.736354    0.368065    0.859404  0.00899522
   0.433807    0.712978    0.736354    0.368065    0.859404  0.00899522
   0.433807    0.712978    0.736354    0.368065    0.859404  0.00899522
   0.433807    0.712978    0.736354    0.368065    0.859404  0.00899522
   0.433807    0.712978    0.736354    0.368065    0.859404  0.00899522
