Using two part PSO Sample Size:5000 with:9 moments.
Using Times:3
Bounds for Uniform Distribution (0,1)
Blind PSO --> nParts:5000 Nsteps:5
Targeted PSO --> nParts:5 Nsteps:5000
sdbeta:0.1
Reading in data!
Blocking Data!
Using starting row of data:0 and 5000 data pts!
first row X0: 8.83545  7.57343 0.396305
final row X0:1.63756  4.1577 4.69516



Loading in Truk!
Calculating Yt!
did this compute?
seedk:0.823664 0.564174 0.231796 0.258596 0.860726| cost:15592.9
XtmVec: 16.604 6.35304 5.78433 198.705  34.137 30.9135 81.3989 76.5259 32.4168
YtmVec:12.5134 7.01516 9.11161 87.6485 29.0979 75.1985 49.5314 64.9344   42.15
PSO begins!
overflow!
overflow!
underflow!0.00330417
pos  0.812857 0.00330417   0.614267    0.27181   0.759038
overflow!
overflow!
underflow!0.00189872
pos0.00189872   0.308956    0.26068   0.626323   0.853396
underflow!0.00410739
pos  0.160654   0.857871   0.768751   0.141757 0.00410739
underflow!0.00115722
pos  0.575425   0.946935 0.00115722   0.462046   0.867658
underflow!0.00286434
pos  0.726741  0.0945074 0.00286434   0.906135   0.306887
overflow!
underflow!0.00345647
pos  0.302081  0.0186882   0.375956   0.155171 0.00345647
underflow!0.00292367
pos  0.678775   0.408841   0.473621 0.00292367   0.971604
underflow!0.00313134
pos  0.558632 0.00313134   0.990294    0.90599  0.0201932
underflow!0.00397555
pos0.00397555   0.582487   0.395129    0.89249   0.894083
underflow!0.00484577
pos0.00484577   0.803077   0.774034   0.758345   0.868387
overflow!
underflow!0.00153659
pos0.00153659   0.875852    0.18111   0.146815   0.928791
underflow!0.00218229
pos 0.0457404 0.00218229   0.380734   0.439937   0.735816
overflow!
overflow!
overflow!
overflow!
overflow!
overflow!
underflow!0.00115137
pos0.00115137   0.029447   0.579999   0.651331   0.590787
overflow!
overflow!
overflow!
overflow!
underflow!0.00408329
pos  0.780878 0.00408329   0.482508   0.826676   0.280816
underflow!0.00452817
pos0.00452817   0.507747   0.807487   0.344889   0.911206
overflow!
overflow!
overflow!
overflow!
overflow!
underflow!0.00386617
pos  0.391129   0.976267   0.935931 0.00386617   0.214795
underflow!0.00411367
pos0.00411367   0.933801   0.659561   0.810163   0.628396
overflow!
underflow!0.00421649
pos  0.707269   0.502244   0.340571   0.855372 0.00421649
overflow!
underflow!0.0011287
pos 0.837874 0.0011287  0.905026  0.518093  0.418193
underflow!0.00441442
pos0.00441442  0.0103293  0.0691536   0.554861   0.467266
overflow!
overflow!
underflow!0.00266837
pos0.00266837   0.992005   0.947303   0.531587    0.41509
overflow!
underflow!0.00148539
pos  0.961706   0.839313   0.414897 0.00148539   0.926554
overflow!
underflow!0.00497858
pos0.00497858   0.449929   0.110778   0.598553   0.015432
overflow!
overflow!
underflow!0.00103304
pos  0.636592   0.126141 0.00103304   0.104597    0.87324
underflow!0.00304686
pos  0.173378   0.844673 0.00304686  0.0767683   0.960522
overflow!
underflow!0.00142981
pos  0.567372   0.738561   0.409691   0.933566 0.00142981
overflow!
underflow!0.00182682
pos0.00182682   0.715462   0.702301   0.364269   0.191291
underflow!0.000800134
pos0.000800134    0.287069    0.239811   0.0478789    0.360605
underflow!0.00369233
pos  0.912093 0.00369233   0.863627   0.774454   0.319074
underflow!0.000259549
pos0.000259549    0.109462    0.542833    0.466672    0.846194
underflow!0.00465435
pos0.00465435   0.420514   0.157323  0.0128772    0.81607
underflow!0.00350368
pos0.00350368   0.280495    0.53927    0.18673   0.954103
underflow!0.0007847
pos0.0007847  0.691298  0.502215  0.689187  0.633126
overflow!
underflow!0.0048821
pos 0.560198  0.397043 0.0580002   0.60192 0.0048821
underflow!0.000511457
pos0.000511457    0.381244    0.457009    0.178724    0.935193
underflow!0.00410546
pos   0.16693   0.664905   0.473894   0.211457 0.00410546
overflow!
underflow!0.00254389
pos  0.290939 0.00254389   0.612533   0.191289    0.10089
underflow!0.00360673
pos0.00360673   0.343063   0.242815   0.234489   0.289958
underflow!0.00370125
pos  0.548015  0.0875851   0.418741   0.665753 0.00370125
overflow!
overflow!
underflow!0.00354015
pos  0.649788 0.00354015   0.656666   0.614022   0.393976
underflow!0.00173912
pos  0.741371 0.00173912   0.814034   0.899884   0.351085
underflow!0.000939846
pos   0.487195    0.342504     0.44219 0.000939846   0.0733325
overflow!
overflow!
overflow!
overflow!
underflow!0.00183186
pos  0.423256   0.592425   0.203968 0.00183186   0.689791
underflow!0.00117576
pos0.00117576   0.260953   0.970466   0.274948   0.279803
underflow!0.00345111
pos  0.771173   0.248455 0.00345111    0.51455   0.130338
overflow!
underflow!0.00288251
pos 0.0250505 0.00288251   0.935051   0.790262   0.751675
underflow!0.000606965
pos   0.255712 0.000606965   0.0862917    0.198237   0.0117858
underflow!0.000106741
pos   0.562812    0.895318   0.0699061 0.000106741    0.757592
underflow!0.00468209
pos0.00468209   0.497366   0.119261   0.544821   0.620232
overflow!
overflow!
overflow!
underflow!0.00426815
pos  0.878145   0.143697 0.00426815   0.989361   0.897081
underflow!0.00184607
pos  0.931227   0.131895 0.00184607   0.500486   0.458837
overflow!
overflow!
overflow!
overflow!
underflow!0.00387942
pos   0.13353   0.621171   0.264447   0.604264 0.00387942
underflow!0.000643174
pos   0.840949    0.161551 0.000643174    0.230072    0.696414
underflow!0.000437539
pos   0.194039    0.485747 0.000437539    0.434656    0.335951
overflow!
underflow!0.00404732
pos   0.54136   0.994843   0.142625   0.989129 0.00404732
overflow!
underflow!0.00440515
pos  0.922179   0.920634   0.427531 0.00440515   0.889823
underflow!0.0024327
pos 0.139187  0.587543  0.141772 0.0024327   0.28263
underflow!0.00425324
pos  0.836121   0.781429   0.155142 0.00425324  0.0717067
GBMAT from blind PSO:

 0.823664  0.564174  0.231796  0.258596  0.860726   15592.9
 0.823664  0.564174  0.231796  0.258596  0.860726   15592.9
  0.28329  0.972012  0.752621  0.168593  0.435173   1382.43
 0.341556  0.543778   0.33285 0.0948219    0.4141   1343.75
 0.431543  0.710819  0.457329  0.087127  0.560457   1339.38
 0.396272  0.714579   0.47055 0.0946712  0.511987   1338.98

truk:  0.276782  0.837081  0.443217 0.0424412  0.304645
total difference b/w truk and final GBVEC0.0757502

blind PSO FINISHED RUNNING IN 3 s TIME!
targeted PSO has started!
Updating Weight Matrix!
GBVEC AND COST: 0.396272  0.714579   0.47055 0.0946712  0.511987   1338.98
new wt mat:
  0.399544  -0.850549   0.165521 -0.0487993  -0.205889 -0.0112749   0.198751 -0.0424607  0.0927991
 -0.850549    2.03959  -0.501893   0.108464   0.498419  0.0304668  -0.463688   0.108153   -0.24035
  0.165521  -0.501893   0.180296 -0.0265498   -0.14235 -0.0102864   0.123845 -0.0325534  0.0751631
-0.0487993   0.108464 -0.0265498    1.13032    6.29993   0.338199   -5.34199    1.26204   -2.96864
 -0.205889   0.498419   -0.14235    6.29993    35.2779    1.90669   -29.8431    7.07123   -16.6759
-0.0112749  0.0304668 -0.0102864   0.338199    1.90669   0.104353   -1.60714   0.382307  -0.905858
  0.198751  -0.463688   0.123845   -5.34199   -29.8431   -1.60714    25.2764   -5.98106    14.0847
-0.0424607   0.108153 -0.0325534    1.26204    7.07123   0.382307   -5.98106     1.4195   -3.34549
 0.0927991   -0.24035  0.0751631   -2.96864   -16.6759  -0.905858    14.0847   -3.34549    7.90214
underflow!0.00113126
pos  0.724168   0.908432   0.313192 0.00113126    0.40387
underflow!0.00366166
pos  0.414935   0.718761   0.480528 0.00366166   0.318937
Updating Weight Matrix!
GBVEC AND COST: 0.275719  0.756873  0.425959 0.0710901   0.35303 0.0265808
new wt mat:
  13.5784  -32.4576    6.5212  -1.80705   -8.8801 -0.313559   8.02954  -1.50738   3.32871
 -32.4576    77.779  -15.7003   4.37559    21.625  0.770987  -19.4978   3.67707  -8.14394
   6.5212  -15.7003   3.20973 -0.901836  -4.50903 -0.164877   4.04137 -0.770276    1.7175
 -1.80705   4.37559 -0.901836   11.5247    66.709   2.74674  -55.5101   11.3135  -27.1207
  -8.8801    21.625  -4.50903    66.709   387.189   16.0745  -321.752   65.8481  -158.065
-0.313559  0.770987 -0.164877   2.74674   16.0745  0.691281  -13.3027   2.77159  -6.68063
  8.02954  -19.4978   4.04137  -55.5101  -321.752  -13.3027   267.555  -54.6434    131.08
 -1.50738   3.67707 -0.770276   11.3135   65.8481   2.77159  -54.6434   11.2626  -27.0714
  3.32871  -8.14394    1.7175  -27.1207  -158.065  -6.68063    131.08  -27.0714   65.1171
Updating Weight Matrix!
GBVEC AND COST: 0.282105  0.789673  0.437784 0.0721875  0.348988 0.0152625
new wt mat:
  16.3498  -39.1489   7.85456  -2.25581  -11.0831 -0.371907   10.0259  -1.84592   4.06229
 -39.1489   93.9305  -18.9195   5.36824   26.4212  0.891164  -23.8812    4.4068  -9.70624
  7.85456  -18.9195   3.85241  -1.07076  -5.29772 -0.181772   4.77569 -0.886755   1.95974
 -2.25581   5.36824  -1.07076   20.2055   117.728   4.80266  -97.6275   19.7962  -47.6332
 -11.0831   26.4212  -5.29772   117.728   687.279    28.208  -569.385   115.806   -278.92
-0.371907  0.891164 -0.181772   4.80266    28.208   1.18972  -23.2982   4.80391  -11.6058
  10.0259  -23.8812   4.77569  -97.6275  -569.385  -23.2982   471.941   -95.842   230.724
 -1.84592    4.4068 -0.886755   19.7962   115.806   4.80391   -95.842   19.5989   -47.252
  4.06229  -9.70624   1.95974  -47.6332   -278.92  -11.6058   230.724   -47.252    113.98
Updating Weight Matrix!
GBVEC AND COST:  0.280679   0.813196   0.443231  0.0577697   0.334355 0.00708954
new wt mat:
  17.4098  -41.6807   8.35107  -2.32577  -11.3555 -0.381372   10.3066   -1.8995   4.16512
 -41.6807   99.9701  -20.0991   5.47559   26.7224  0.899572  -24.2624   4.47633  -9.81104
  8.35107  -20.0991   4.07981  -1.07225  -5.23999 -0.178314   4.75476 -0.880498   1.93171
 -2.32577   5.47559  -1.07225   24.2588   141.338   5.73623  -117.199   23.6929  -57.0278
 -11.3555   26.7224  -5.23999   141.338   824.817   33.6433  -683.392   138.499  -333.633
-0.381372  0.899572 -0.178314   5.73623   33.6433   1.40421  -27.8049   5.70054  -13.7668
  10.3066  -24.2624   4.75476  -117.199  -683.392  -27.8049   566.445  -114.655   276.082
  -1.8995   4.47633 -0.880498   23.6929   138.499   5.70054  -114.655   23.3434  -56.2787
  4.16512  -9.81104   1.93171  -57.0278  -333.633  -13.7668   276.082  -56.2787    135.74
Updating Weight Matrix!
GBVEC AND COST:  0.280282   0.825492   0.445891  0.0515047   0.326121 0.00487467
new wt mat:
  17.9229  -42.9033   8.59217  -2.34291  -11.3955 -0.383644   10.3638  -1.91211   4.18447
 -42.9033   102.879  -20.6707   5.48215   26.6189  0.897252  -24.2334   4.47364  -9.77863
  8.59217  -20.6707   4.19091  -1.06305  -5.15808  -0.17539   4.69819 -0.869813   1.90076
 -2.34291   5.48215  -1.06305   26.0981   152.039   6.16332  -126.073   25.4668  -61.3043
 -11.3955   26.6189  -5.15808   152.039   887.072   36.1266  -735.021   148.818  -358.507
-0.383644  0.897252  -0.17539   6.16332   36.1266   1.50341   -29.865   6.11269  -14.7599
  10.3638  -24.2334   4.69819  -126.073  -735.021   -29.865   609.261  -123.213   296.714
 -1.91211   4.47364 -0.869813   25.4668   148.818   6.11269  -123.213    25.055  -60.4043
  4.18447  -9.77863   1.90076  -61.3043  -358.507  -14.7599   296.714  -60.4043   145.684
underflow!0.00240784
pos  0.102721   0.759022   0.346607 0.00240784   0.474851
GBMAT after targeted PSO:
  0.823664   0.564174   0.231796   0.258596   0.860726    15592.9
  0.823664   0.564174   0.231796   0.258596   0.860726    15592.9
   0.28329   0.972012   0.752621   0.168593   0.435173    1382.43
  0.341556   0.543778    0.33285  0.0948219     0.4141    1343.75
  0.431543   0.710819   0.457329   0.087127   0.560457    1339.38
  0.396272   0.714579    0.47055  0.0946712   0.511987    1338.98
  0.396272   0.714579    0.47055  0.0946712   0.511987   0.770436
  0.396272   0.714579    0.47055  0.0946712   0.511987   0.770436
  0.394696   0.778071   0.438922  0.0930763   0.499247   0.224902
  0.394696   0.778071   0.438922  0.0930763   0.499247   0.224902
  0.394696   0.771269   0.429184  0.0844738   0.499954   0.177125
  0.394696   0.771269   0.429184  0.0844738   0.499954   0.177125
  0.394696   0.771269   0.429184  0.0844738   0.499954   0.177125
  0.394696   0.771269   0.429184  0.0844738   0.499954   0.177125
  0.394696   0.771269   0.429184  0.0844738   0.499954   0.177125
  0.369723   0.728292   0.409982  0.0833034   0.493742   0.153806
  0.369723   0.728292   0.409982  0.0833034   0.493742   0.153806
  0.369723   0.728292   0.409982  0.0833034   0.493742   0.153806
    0.4522   0.703646    0.40105   0.085858   0.588161   0.128863
    0.4522   0.703646    0.40105   0.085858   0.588161   0.128863
    0.4522   0.703646    0.40105   0.085858   0.588161   0.128863
    0.4522   0.703646    0.40105   0.085858   0.588161   0.128863
  0.463161   0.703646   0.403215  0.0811697   0.581654    0.12882
  0.463161   0.703646   0.403215  0.0811697   0.581654    0.12882
  0.463161   0.703646   0.403215  0.0811697   0.581654    0.12882
  0.463161   0.703646   0.403215  0.0811697   0.581654    0.12882
  0.463161   0.703646   0.403215  0.0811697   0.581654    0.12882
  0.463161   0.703646   0.403215  0.0811697   0.581654    0.12882
  0.463161   0.703646   0.403215  0.0811697   0.581654    0.12882
  0.463161   0.703646   0.403215  0.0811697   0.581654    0.12882
  0.463161   0.703646   0.403215  0.0811697   0.581654    0.12882
  0.463161   0.703646   0.403215  0.0811697   0.581654    0.12882
  0.463161   0.703646   0.403215  0.0811697   0.581654    0.12882
  0.463161   0.703646   0.403215  0.0811697   0.581654    0.12882
  0.463161   0.703646   0.403215  0.0811697   0.581654    0.12882
  0.463161   0.703646   0.403215  0.0811697   0.581654    0.12882
  0.463161   0.703646   0.403215  0.0811697   0.581654    0.12882
  0.463161   0.703646   0.403215  0.0811697   0.581654    0.12882
  0.463161   0.703646   0.403215  0.0811697   0.581654    0.12882
  0.463161   0.703646   0.403215  0.0811697   0.581654    0.12882
  0.463161   0.703646   0.403215  0.0811697   0.581654    0.12882
  0.463161   0.703646   0.403215  0.0811697   0.581654    0.12882
  0.463161   0.703646   0.403215  0.0811697   0.581654    0.12882
  0.463161   0.703646   0.403215  0.0811697   0.581654    0.12882
  0.463161   0.703646   0.403215  0.0811697   0.581654    0.12882
  0.463161   0.703646   0.403215  0.0811697   0.581654    0.12882
  0.463161   0.703646   0.403215  0.0811697   0.581654    0.12882
  0.463161   0.703646   0.403215  0.0811697   0.581654    0.12882
  0.463161   0.703646   0.403215  0.0811697   0.581654    0.12882
  0.463161   0.703646   0.403215  0.0811697   0.581654    0.12882
  0.463161   0.703646   0.403215  0.0811697   0.581654    0.12882
  0.463161   0.703646   0.403215  0.0811697   0.581654    0.12882
  0.463161   0.703646   0.403215  0.0811697   0.581654    0.12882
  0.463161   0.703646   0.403215  0.0811697   0.581654    0.12882
  0.463161   0.703646   0.403215  0.0811697   0.581654    0.12882
  0.463161   0.703646   0.403215  0.0811697   0.581654    0.12882
  0.451675    0.70981   0.403713  0.0691624   0.565937   0.127224
  0.451675    0.70981   0.403713  0.0691624   0.565937   0.127224
   0.41621     0.7003   0.390391   0.062516   0.515062   0.118781
   0.41621     0.7003   0.390391   0.062516   0.515062   0.118781
   0.41621     0.7003   0.390391   0.062516   0.515062   0.118781
   0.41621     0.7003   0.390391   0.062516   0.515062   0.118781
   0.41621     0.7003   0.390391   0.062516   0.515062   0.118781
   0.41621     0.7003   0.390391   0.062516   0.515062   0.118781
   0.41621     0.7003   0.390391   0.062516   0.515062   0.118781
   0.41621     0.7003   0.390391   0.062516   0.515062   0.118781
   0.41621     0.7003   0.390391   0.062516   0.515062   0.118781
   0.41621     0.7003   0.390391   0.062516   0.515062   0.118781
   0.41621     0.7003   0.390391   0.062516   0.515062   0.118781
   0.41621     0.7003   0.390391   0.062516   0.515062   0.118781
   0.41621     0.7003   0.390391   0.062516   0.515062   0.118781
   0.41621     0.7003   0.390391   0.062516   0.515062   0.118781
   0.41621     0.7003   0.390391   0.062516   0.515062   0.118781
  0.431068   0.705299   0.394964  0.0659039   0.549387   0.114938
  0.431068   0.705299   0.394964  0.0659039   0.549387   0.114938
  0.431068   0.705299   0.394964  0.0659039   0.549387   0.114938
  0.431068   0.705299   0.394964  0.0659039   0.549387   0.114938
  0.431068   0.705299   0.394964  0.0659039   0.549387   0.114938
  0.431068   0.705299   0.394964  0.0659039   0.549387   0.114938
  0.431068   0.705299   0.394964  0.0659039   0.549387   0.114938
  0.431068   0.705299   0.394964  0.0659039   0.549387   0.114938
  0.431068   0.705299   0.394964  0.0659039   0.549387   0.114938
  0.431068   0.705299   0.394964  0.0659039   0.549387   0.114938
  0.431068   0.705299   0.394964  0.0659039   0.549387   0.114938
  0.431068   0.705299   0.394964  0.0659039   0.549387   0.114938
  0.431068   0.705299   0.394964  0.0659039   0.549387   0.114938
  0.431068   0.705299   0.394964  0.0659039   0.549387   0.114938
  0.431068   0.705299   0.394964  0.0659039   0.549387   0.114938
  0.431068   0.705299   0.394964  0.0659039   0.549387   0.114938
  0.431068   0.705299   0.394964  0.0659039   0.549387   0.114938
  0.431068   0.705299   0.394964  0.0659039   0.549387   0.114938
  0.431068   0.705299   0.394964  0.0659039   0.549387   0.114938
  0.431068   0.705299   0.394964  0.0659039   0.549387   0.114938
  0.431068   0.705299   0.394964  0.0659039   0.549387   0.114938
  0.431068   0.705299   0.394964  0.0659039   0.549387   0.114938
  0.431068   0.705299   0.394964  0.0659039   0.549387   0.114938
  0.431068   0.705299   0.394964  0.0659039   0.549387   0.114938
  0.431068   0.705299   0.394964  0.0659039   0.549387   0.114938
  0.431068   0.705299   0.394964  0.0659039   0.549387   0.114938
  0.431068   0.705299   0.394964  0.0659039   0.549387   0.114938
  0.431068   0.705299   0.394964  0.0659039   0.549387   0.114938
  0.431068   0.705299   0.394964  0.0659039   0.549387   0.114938
  0.431068   0.705299   0.394964  0.0659039   0.549387   0.114938
  0.431068   0.705299   0.394964  0.0659039   0.549387   0.114938
  0.431068   0.705299   0.394964  0.0659039   0.549387   0.114938
  0.431068   0.705299   0.394964  0.0659039   0.549387   0.114938
  0.431068   0.705299   0.394964  0.0659039   0.549387   0.114938
  0.431068   0.705299   0.394964  0.0659039   0.549387   0.114938
  0.431068   0.705299   0.394964  0.0659039   0.549387   0.114938
  0.431068   0.705299   0.394964  0.0659039   0.549387   0.114938
  0.431068   0.705299   0.394964  0.0659039   0.549387   0.114938
  0.431068   0.705299   0.394964  0.0659039   0.549387   0.114938
  0.431068   0.705299   0.394964  0.0659039   0.549387   0.114938
  0.431068   0.705299   0.394964  0.0659039   0.549387   0.114938
  0.431068   0.705299   0.394964  0.0659039   0.549387   0.114938
  0.431068   0.705299   0.394964  0.0659039   0.549387   0.114938
  0.431068   0.705299   0.394964  0.0659039   0.549387   0.114938
  0.431068   0.705299   0.394964  0.0659039   0.549387   0.114938
  0.431068   0.705299   0.394964  0.0659039   0.549387   0.114938
  0.431068   0.705299   0.394964  0.0659039   0.549387   0.114938
  0.431068   0.705299   0.394964  0.0659039   0.549387   0.114938
  0.431068   0.705299   0.394964  0.0659039   0.549387   0.114938
  0.431068   0.705299   0.394964  0.0659039   0.549387   0.114938
  0.431068   0.705299   0.394964  0.0659039   0.549387   0.114938
  0.431068   0.705299   0.394964  0.0659039   0.549387   0.114938
  0.431068   0.705299   0.394964  0.0659039   0.549387   0.114938
  0.431068   0.705299   0.394964  0.0659039   0.549387   0.114938
  0.431068   0.705299   0.394964  0.0659039   0.549387   0.114938
  0.431068   0.705299   0.394964  0.0659039   0.549387   0.114938
  0.431068   0.705299   0.394964  0.0659039   0.549387   0.114938
  0.431068   0.705299   0.394964  0.0659039   0.549387   0.114938
  0.431068   0.705299   0.394964  0.0659039   0.549387   0.114938
  0.431068   0.705299   0.394964  0.0659039   0.549387   0.114938
  0.431068   0.705299   0.394964  0.0659039   0.549387   0.114938
  0.431068   0.705299   0.394964  0.0659039   0.549387   0.114938
  0.431068   0.705299   0.394964  0.0659039   0.549387   0.114938
  0.431068   0.705299   0.394964  0.0659039   0.549387   0.114938
  0.431068   0.705299   0.394964  0.0659039   0.549387   0.114938
  0.431068   0.705299   0.394964  0.0659039   0.549387   0.114938
  0.431068   0.705299   0.394964  0.0659039   0.549387   0.114938
  0.431068   0.705299   0.394964  0.0659039   0.549387   0.114938
  0.431068   0.705299   0.394964  0.0659039   0.549387   0.114938
  0.431068   0.705299   0.394964  0.0659039   0.549387   0.114938
  0.431068   0.705299   0.394964  0.0659039   0.549387   0.114938
  0.431068   0.705299   0.394964  0.0659039   0.549387   0.114938
  0.431068   0.705299   0.394964  0.0659039   0.549387   0.114938
  0.431068   0.705299   0.394964  0.0659039   0.549387   0.114938
  0.431068   0.705299   0.394964  0.0659039   0.549387   0.114938
  0.431068   0.705299   0.394964  0.0659039   0.549387   0.114938
  0.431068   0.705299   0.394964  0.0659039   0.549387   0.114938
  0.431068   0.705299   0.394964  0.0659039   0.549387   0.114938
  0.431068   0.705299   0.394964  0.0659039   0.549387   0.114938
  0.431068   0.705299   0.394964  0.0659039   0.549387   0.114938
  0.431068   0.705299   0.394964  0.0659039   0.549387   0.114938
  0.431068   0.705299   0.394964  0.0659039   0.549387   0.114938
  0.431068   0.705299   0.394964  0.0659039   0.549387   0.114938
  0.431068   0.705299   0.394964  0.0659039   0.549387   0.114938
  0.431068   0.705299   0.394964  0.0659039   0.549387   0.114938
  0.431068   0.705299   0.394964  0.0659039   0.549387   0.114938
  0.431068   0.705299   0.394964  0.0659039   0.549387   0.114938
  0.431068   0.705299   0.394964  0.0659039   0.549387   0.114938
  0.431068   0.705299   0.394964  0.0659039   0.549387   0.114938
  0.431068   0.705299   0.394964  0.0659039   0.549387   0.114938
  0.431068   0.705299   0.394964  0.0659039   0.549387   0.114938
  0.431068   0.705299   0.394964  0.0659039   0.549387   0.114938
  0.431068   0.705299   0.394964  0.0659039   0.549387   0.114938
  0.431068   0.705299   0.394964  0.0659039   0.549387   0.114938
  0.431068   0.705299   0.394964  0.0659039   0.549387   0.114938
  0.440416   0.711901   0.396569  0.0638313   0.549674   0.113922
  0.440416   0.711901   0.396569  0.0638313   0.549674   0.113922
  0.440416   0.711901   0.396569  0.0638313   0.549674   0.113922
  0.440416   0.711901   0.396569  0.0638313   0.549674   0.113922
  0.440416   0.711901   0.396569  0.0638313   0.549674   0.113922
  0.440416   0.711901   0.396569  0.0638313   0.549674   0.113922
  0.440416   0.711901   0.396569  0.0638313   0.549674   0.113922
  0.440416   0.711901   0.396569  0.0638313   0.549674   0.113922
  0.440416   0.711901   0.396569  0.0638313   0.549674   0.113922
  0.440416   0.711901   0.396569  0.0638313   0.549674   0.113922
  0.440416   0.711901   0.396569  0.0638313   0.549674   0.113922
  0.440416   0.711901   0.396569  0.0638313   0.549674   0.113922
  0.440416   0.711901   0.396569  0.0638313   0.549674   0.113922
  0.440416   0.711901   0.396569  0.0638313   0.549674   0.113922
  0.440416   0.711901   0.396569  0.0638313   0.549674   0.113922
  0.440416   0.711901   0.396569  0.0638313   0.549674   0.113922
  0.440416   0.711901   0.396569  0.0638313   0.549674   0.113922
  0.440416   0.711901   0.396569  0.0638313   0.549674   0.113922
  0.440416   0.711901   0.396569  0.0638313   0.549674   0.113922
  0.440416   0.711901   0.396569  0.0638313   0.549674   0.113922
  0.440416   0.711901   0.396569  0.0638313   0.549674   0.113922
  0.440416   0.711901   0.396569  0.0638313   0.549674   0.113922
  0.440416   0.711901   0.396569  0.0638313   0.549674   0.113922
  0.440416   0.711901   0.396569  0.0638313   0.549674   0.113922
  0.440416   0.711901   0.396569  0.0638313   0.549674   0.113922
  0.440416   0.711901   0.396569  0.0638313   0.549674   0.113922
  0.440416   0.711901   0.396569  0.0638313   0.549674   0.113922
  0.440416   0.711901   0.396569  0.0638313   0.549674   0.113922
  0.440416   0.711901   0.396569  0.0638313   0.549674   0.113922
  0.440416   0.711901   0.396569  0.0638313   0.549674   0.113922
  0.440416   0.711901   0.396569  0.0638313   0.549674   0.113922
  0.440416   0.711901   0.396569  0.0638313   0.549674   0.113922
  0.440416   0.711901   0.396569  0.0638313   0.549674   0.113922
  0.440416   0.711901   0.396569  0.0638313   0.549674   0.113922
  0.440416   0.711901   0.396569  0.0638313   0.549674   0.113922
  0.440416   0.711901   0.396569  0.0638313   0.549674   0.113922
  0.440416   0.711901   0.396569  0.0638313   0.549674   0.113922
  0.440416   0.711901   0.396569  0.0638313   0.549674   0.113922
  0.440416   0.711901   0.396569  0.0638313   0.549674   0.113922
  0.432143   0.694795   0.390536   0.069386   0.551094   0.113487
  0.432143   0.694795   0.390536   0.069386   0.551094   0.113487
  0.432143   0.694795   0.390536   0.069386   0.551094   0.113487
  0.432143   0.694795   0.390536   0.069386   0.551094   0.113487
  0.432143   0.694795   0.390536   0.069386   0.551094   0.113487
  0.432143   0.694795   0.390536   0.069386   0.551094   0.113487
  0.432143   0.694795   0.390536   0.069386   0.551094   0.113487
  0.432143   0.694795   0.390536   0.069386   0.551094   0.113487
  0.432143   0.694795   0.390536   0.069386   0.551094   0.113487
  0.432143   0.694795   0.390536   0.069386   0.551094   0.113487
  0.432143   0.694795   0.390536   0.069386   0.551094   0.113487
  0.434609   0.710102   0.395634  0.0631679   0.546961   0.113203
  0.434609   0.710102   0.395634  0.0631679   0.546961   0.113203
  0.434609   0.710102   0.395634  0.0631679   0.546961   0.113203
  0.434609   0.710102   0.395634  0.0631679   0.546961   0.113203
  0.434609   0.710102   0.395634  0.0631679   0.546961   0.113203
  0.434609   0.710102   0.395634  0.0631679   0.546961   0.113203
  0.434609   0.710102   0.395634  0.0631679   0.546961   0.113203
  0.434609   0.710102   0.395634  0.0631679   0.546961   0.113203
  0.434609   0.710102   0.395634  0.0631679   0.546961   0.113203
  0.434609   0.710102   0.395634  0.0631679   0.546961   0.113203
  0.434609   0.710102   0.395634  0.0631679   0.546961   0.113203
  0.434609   0.710102   0.395634  0.0631679   0.546961   0.113203
  0.434609   0.710102   0.395634  0.0631679   0.546961   0.113203
  0.434609   0.710102   0.395634  0.0631679   0.546961   0.113203
  0.434609   0.710102   0.395634  0.0631679   0.546961   0.113203
  0.434609   0.710102   0.395634  0.0631679   0.546961   0.113203
  0.434609   0.710102   0.395634  0.0631679   0.546961   0.113203
  0.434609   0.710102   0.395634  0.0631679   0.546961   0.113203
  0.434609   0.710102   0.395634  0.0631679   0.546961   0.113203
  0.434609   0.710102   0.395634  0.0631679   0.546961   0.113203
  0.434609   0.710102   0.395634  0.0631679   0.546961   0.113203
  0.434609   0.710102   0.395634  0.0631679   0.546961   0.113203
  0.434609   0.710102   0.395634  0.0631679   0.546961   0.113203
  0.434609   0.710102   0.395634  0.0631679   0.546961   0.113203
  0.434609   0.710102   0.395634  0.0631679   0.546961   0.113203
  0.434609   0.710102   0.395634  0.0631679   0.546961   0.113203
  0.434609   0.710102   0.395634  0.0631679   0.546961   0.113203
  0.434609   0.710102   0.395634  0.0631679   0.546961   0.113203
  0.434609   0.710102   0.395634  0.0631679   0.546961   0.113203
  0.434609   0.710102   0.395634  0.0631679   0.546961   0.113203
  0.434609   0.710102   0.395634  0.0631679   0.546961   0.113203
  0.434609   0.710102   0.395634  0.0631679   0.546961   0.113203
  0.434609   0.710102   0.395634  0.0631679   0.546961   0.113203
  0.434609   0.710102   0.395634  0.0631679   0.546961   0.113203
  0.434609   0.710102   0.395634  0.0631679   0.546961   0.113203
  0.434609   0.710102   0.395634  0.0631679   0.546961   0.113203
  0.434609   0.710102   0.395634  0.0631679   0.546961   0.113203
  0.434609   0.710102   0.395634  0.0631679   0.546961   0.113203
  0.434609   0.710102   0.395634  0.0631679   0.546961   0.113203
  0.434609   0.710102   0.395634  0.0631679   0.546961   0.113203
  0.434609   0.710102   0.395634  0.0631679   0.546961   0.113203
  0.434609   0.710102   0.395634  0.0631679   0.546961   0.113203
  0.434609   0.710102   0.395634  0.0631679   0.546961   0.113203
  0.434609   0.710102   0.395634  0.0631679   0.546961   0.113203
  0.434609   0.710102   0.395634  0.0631679   0.546961   0.113203
  0.434609   0.710102   0.395634  0.0631679   0.546961   0.113203
  0.434609   0.710102   0.395634  0.0631679   0.546961   0.113203
  0.434609   0.710102   0.395634  0.0631679   0.546961   0.113203
  0.434609   0.710102   0.395634  0.0631679   0.546961   0.113203
  0.434609   0.710102   0.395634  0.0631679   0.546961   0.113203
  0.434609   0.710102   0.395634  0.0631679   0.546961   0.113203
  0.434609   0.710102   0.395634  0.0631679   0.546961   0.113203
  0.434609   0.710102   0.395634  0.0631679   0.546961   0.113203
  0.434609   0.710102   0.395634  0.0631679   0.546961   0.113203
  0.434609   0.710102   0.395634  0.0631679   0.546961   0.113203
  0.434609   0.710102   0.395634  0.0631679   0.546961   0.113203
  0.434609   0.710102   0.395634  0.0631679   0.546961   0.113203
  0.434609   0.710102   0.395634  0.0631679   0.546961   0.113203
  0.434609   0.710102   0.395634  0.0631679   0.546961   0.113203
  0.434609   0.710102   0.395634  0.0631679   0.546961   0.113203
  0.434609   0.710102   0.395634  0.0631679   0.546961   0.113203
  0.434609   0.710102   0.395634  0.0631679   0.546961   0.113203
  0.434609   0.710102   0.395634  0.0631679   0.546961   0.113203
  0.434609   0.710102   0.395634  0.0631679   0.546961   0.113203
  0.434609   0.710102   0.395634  0.0631679   0.546961   0.113203
  0.434609   0.710102   0.395634  0.0631679   0.546961   0.113203
  0.434609   0.710102   0.395634  0.0631679   0.546961   0.113203
  0.434609   0.710102   0.395634  0.0631679   0.546961   0.113203
  0.434609   0.710102   0.395634  0.0631679   0.546961   0.113203
  0.434609   0.710102   0.395634  0.0631679   0.546961   0.113203
  0.434609   0.710102   0.395634  0.0631679   0.546961   0.113203
  0.434609   0.710102   0.395634  0.0631679   0.546961   0.113203
  0.434609   0.710102   0.395634  0.0631679   0.546961   0.113203
  0.434609   0.710102   0.395634  0.0631679   0.546961   0.113203
  0.434609   0.710102   0.395634  0.0631679   0.546961   0.113203
  0.434609   0.710102   0.395634  0.0631679   0.546961   0.113203
  0.426636   0.712821   0.394853  0.0640602   0.534006   0.111656
  0.426636   0.712821   0.394853  0.0640602   0.534006   0.111656
  0.426636   0.712821   0.394853  0.0640602   0.534006   0.111656
  0.426636   0.712821   0.394853  0.0640602   0.534006   0.111656
  0.426636   0.712821   0.394853  0.0640602   0.534006   0.111656
  0.426636   0.712821   0.394853  0.0640602   0.534006   0.111656
  0.426636   0.712821   0.394853  0.0640602   0.534006   0.111656
  0.426636   0.712821   0.394853  0.0640602   0.534006   0.111656
  0.426636   0.712821   0.394853  0.0640602   0.534006   0.111656
  0.426636   0.712821   0.394853  0.0640602   0.534006   0.111656
  0.426636   0.712821   0.394853  0.0640602   0.534006   0.111656
  0.426636   0.712821   0.394853  0.0640602   0.534006   0.111656
  0.426636   0.712821   0.394853  0.0640602   0.534006   0.111656
  0.426636   0.712821   0.394853  0.0640602   0.534006   0.111656
  0.426636   0.712821   0.394853  0.0640602   0.534006   0.111656
  0.415089   0.717922   0.392649   0.062988   0.506013   0.109708
  0.415089   0.717922   0.392649   0.062988   0.506013   0.109708
  0.415089   0.717922   0.392649   0.062988   0.506013   0.109708
  0.415089   0.717922   0.392649   0.062988   0.506013   0.109708
  0.415089   0.717922   0.392649   0.062988   0.506013   0.109708
  0.415089   0.717922   0.392649   0.062988   0.506013   0.109708
  0.415089   0.717922   0.392649   0.062988   0.506013   0.109708
  0.415089   0.717922   0.392649   0.062988   0.506013   0.109708
  0.415089   0.717922   0.392649   0.062988   0.506013   0.109708
  0.415089   0.717922   0.392649   0.062988   0.506013   0.109708
  0.415089   0.717922   0.392649   0.062988   0.506013   0.109708
  0.415089   0.717922   0.392649   0.062988   0.506013   0.109708
  0.415089   0.717922   0.392649   0.062988   0.506013   0.109708
  0.415089   0.717922   0.392649   0.062988   0.506013   0.109708
  0.415089   0.717922   0.392649   0.062988   0.506013   0.109708
  0.415089   0.717922   0.392649   0.062988   0.506013   0.109708
  0.415089   0.717922   0.392649   0.062988   0.506013   0.109708
  0.415089   0.717922   0.392649   0.062988   0.506013   0.109708
  0.415089   0.717922   0.392649   0.062988   0.506013   0.109708
  0.415089   0.717922   0.392649   0.062988   0.506013   0.109708
  0.415089   0.717922   0.392649   0.062988   0.506013   0.109708
  0.415089   0.717922   0.392649   0.062988   0.506013   0.109708
  0.415089   0.717922   0.392649   0.062988   0.506013   0.109708
  0.415089   0.717922   0.392649   0.062988   0.506013   0.109708
  0.415089   0.717922   0.392649   0.062988   0.506013   0.109708
  0.415089   0.717922   0.392649   0.062988   0.506013   0.109708
  0.415089   0.717922   0.392649   0.062988   0.506013   0.109708
  0.415089   0.717922   0.392649   0.062988   0.506013   0.109708
  0.415089   0.717922   0.392649   0.062988   0.506013   0.109708
  0.415089   0.717922   0.392649   0.062988   0.506013   0.109708
  0.415089   0.717922   0.392649   0.062988   0.506013   0.109708
  0.415089   0.717922   0.392649   0.062988   0.506013   0.109708
  0.415089   0.717922   0.392649   0.062988   0.506013   0.109708
  0.415089   0.717922   0.392649   0.062988   0.506013   0.109708
  0.415089   0.717922   0.392649   0.062988   0.506013   0.109708
  0.415089   0.717922   0.392649   0.062988   0.506013   0.109708
  0.415089   0.717922   0.392649   0.062988   0.506013   0.109708
  0.415089   0.717922   0.392649   0.062988   0.506013   0.109708
  0.415089   0.717922   0.392649   0.062988   0.506013   0.109708
  0.415089   0.717922   0.392649   0.062988   0.506013   0.109708
  0.415089   0.717922   0.392649   0.062988   0.506013   0.109708
  0.415089   0.717922   0.392649   0.062988   0.506013   0.109708
  0.415089   0.717922   0.392649   0.062988   0.506013   0.109708
  0.415089   0.717922   0.392649   0.062988   0.506013   0.109708
  0.415089   0.717922   0.392649   0.062988   0.506013   0.109708
  0.415089   0.717922   0.392649   0.062988   0.506013   0.109708
  0.415089   0.717922   0.392649   0.062988   0.506013   0.109708
  0.415089   0.717922   0.392649   0.062988   0.506013   0.109708
  0.415089   0.717922   0.392649   0.062988   0.506013   0.109708
  0.415089   0.717922   0.392649   0.062988   0.506013   0.109708
  0.415089   0.717922   0.392649   0.062988   0.506013   0.109708
  0.415089   0.717922   0.392649   0.062988   0.506013   0.109708
  0.415089   0.717922   0.392649   0.062988   0.506013   0.109708
  0.415089   0.717922   0.392649   0.062988   0.506013   0.109708
  0.415089   0.717922   0.392649   0.062988   0.506013   0.109708
  0.415089   0.717922   0.392649   0.062988   0.506013   0.109708
  0.415089   0.717922   0.392649   0.062988   0.506013   0.109708
  0.415089   0.717922   0.392649   0.062988   0.506013   0.109708
  0.415089   0.717922   0.392649   0.062988   0.506013   0.109708
  0.415089   0.717922   0.392649   0.062988   0.506013   0.109708
  0.415089   0.717922   0.392649   0.062988   0.506013   0.109708
  0.415089   0.717922   0.392649   0.062988   0.506013   0.109708
  0.415089   0.717922   0.392649   0.062988   0.506013   0.109708
  0.415089   0.717922   0.392649   0.062988   0.506013   0.109708
  0.415089   0.717922   0.392649   0.062988   0.506013   0.109708
  0.415089   0.717922   0.392649   0.062988   0.506013   0.109708
  0.415089   0.717922   0.392649   0.062988   0.506013   0.109708
  0.415089   0.717922   0.392649   0.062988   0.506013   0.109708
  0.415089   0.717922   0.392649   0.062988   0.506013   0.109708
  0.415089   0.717922   0.392649   0.062988   0.506013   0.109708
  0.415089   0.717922   0.392649   0.062988   0.506013   0.109708
  0.415089   0.717922   0.392649   0.062988   0.506013   0.109708
  0.415089   0.717922   0.392649   0.062988   0.506013   0.109708
  0.415089   0.717922   0.392649   0.062988   0.506013   0.109708
  0.415089   0.717922   0.392649   0.062988   0.506013   0.109708
  0.415089   0.717922   0.392649   0.062988   0.506013   0.109708
  0.415089   0.717922   0.392649   0.062988   0.506013   0.109708
  0.415089   0.717922   0.392649   0.062988   0.506013   0.109708
  0.415089   0.717922   0.392649   0.062988   0.506013   0.109708
  0.415089   0.717922   0.392649   0.062988   0.506013   0.109708
  0.415089   0.717922   0.392649   0.062988   0.506013   0.109708
  0.415089   0.717922   0.392649   0.062988   0.506013   0.109708
  0.415583    0.72392   0.392657  0.0566964   0.506352   0.107457
  0.415583    0.72392   0.392657  0.0566964   0.506352   0.107457
  0.415583    0.72392   0.392657  0.0566964   0.506352   0.107457
  0.415583    0.72392   0.392657  0.0566964   0.506352   0.107457
  0.415583    0.72392   0.392657  0.0566964   0.506352   0.107457
  0.415583    0.72392   0.392657  0.0566964   0.506352   0.107457
  0.415583    0.72392   0.392657  0.0566964   0.506352   0.107457
  0.415583    0.72392   0.392657  0.0566964   0.506352   0.107457
   0.29876   0.733771   0.424119  0.0803142   0.417042  0.0786338
   0.29876   0.733771   0.424119  0.0803142   0.417042  0.0786338
   0.29876   0.733771   0.424119  0.0803142   0.417042  0.0786338
   0.29876   0.733771   0.424119  0.0803142   0.417042  0.0786338
   0.29876   0.733771   0.424119  0.0803142   0.417042  0.0786338
   0.29876   0.733771   0.424119  0.0803142   0.417042  0.0786338
   0.29876   0.733771   0.424119  0.0803142   0.417042  0.0786338
   0.29876   0.733771   0.424119  0.0803142   0.417042  0.0786338
   0.29876   0.733771   0.424119  0.0803142   0.417042  0.0786338
   0.29876   0.733771   0.424119  0.0803142   0.417042  0.0786338
   0.29876   0.733771   0.424119  0.0803142   0.417042  0.0786338
   0.29876   0.733771   0.424119  0.0803142   0.417042  0.0786338
   0.29876   0.733771   0.424119  0.0803142   0.417042  0.0786338
   0.29876   0.733771   0.424119  0.0803142   0.417042  0.0786338
   0.29876   0.733771   0.424119  0.0803142   0.417042  0.0786338
   0.29876   0.733771   0.424119  0.0803142   0.417042  0.0786338
   0.29876   0.733771   0.424119  0.0803142   0.417042  0.0786338
   0.29876   0.733771   0.424119  0.0803142   0.417042  0.0786338
   0.29876   0.733771   0.424119  0.0803142   0.417042  0.0786338
   0.29876   0.733771   0.424119  0.0803142   0.417042  0.0786338
   0.29876   0.733771   0.424119  0.0803142   0.417042  0.0786338
   0.29876   0.733771   0.424119  0.0803142   0.417042  0.0786338
   0.29876   0.733771   0.424119  0.0803142   0.417042  0.0786338
   0.29876   0.733771   0.424119  0.0803142   0.417042  0.0786338
   0.29876   0.733771   0.424119  0.0803142   0.417042  0.0786338
   0.29876   0.733771   0.424119  0.0803142   0.417042  0.0786338
   0.29876   0.733771   0.424119  0.0803142   0.417042  0.0786338
   0.29876   0.733771   0.424119  0.0803142   0.417042  0.0786338
   0.29876   0.733771   0.424119  0.0803142   0.417042  0.0786338
   0.29876   0.733771   0.424119  0.0803142   0.417042  0.0786338
   0.29876   0.733771   0.424119  0.0803142   0.417042  0.0786338
   0.29876   0.733771   0.424119  0.0803142   0.417042  0.0786338
   0.29876   0.733771   0.424119  0.0803142   0.417042  0.0786338
   0.29876   0.733771   0.424119  0.0803142   0.417042  0.0786338
   0.29876   0.733771   0.424119  0.0803142   0.417042  0.0786338
   0.29876   0.733771   0.424119  0.0803142   0.417042  0.0786338
