PSO:1
blindpso+cost.est:
0.224053
 0.55194
0.310744
 0.10116
0.302585
0.118838

PSO:2
igmme + cost.est:
 0.265077
 0.791904
 0.416463
0.0471846
 0.287618
0.00164553

w.mat  8.98434  -21.4912   4.29592 -0.212909  0.106161 0.0687686  0.459876  0.051727 -0.375889
 -21.4912   51.5813  -10.3726  0.491162  -0.30371 -0.159726  -1.03926 -0.119343  0.883558
  4.29592  -10.3726   2.12079 -0.092196 0.0727524 0.0297982  0.189243 0.0221642 -0.169252
-0.212909  0.491162 -0.092196  0.567845   3.13888  0.100118  -2.67261  0.483118  -1.12981
 0.106161  -0.30371 0.0727524   3.13888   18.4275  0.753335  -15.2227   3.08649  -7.45923
0.0687686 -0.159726 0.0297982  0.100118  0.753335 0.0687175 -0.554462   0.19275 -0.496227
 0.459876  -1.03926  0.189243  -2.67261  -15.2227 -0.554462   12.7668  -2.44798   5.82427
 0.051727 -0.119343 0.0221642  0.483118   3.08649   0.19275  -2.44798  0.640312    -1.589
-0.375889  0.883558 -0.169252  -1.12981  -7.45923 -0.496227   5.82427    -1.589   3.98797

GBMAT: 
  0.475833   0.847249   0.421547     0.2128  0.0318008    21393.8
   0.20957   0.409785   0.247775   0.133587   0.298687    59.8361
  0.268303   0.581491   0.356397   0.103957   0.379203    46.8838
  0.230585   0.501512   0.297074     0.1197   0.368088    25.2697
  0.240749   0.588529   0.323393  0.0928725   0.325984    6.44319
  0.224053    0.55194   0.310744    0.10116   0.302585    4.17908
  0.224053    0.55194   0.310744    0.10116   0.302585   0.118838
  0.224053    0.55194   0.310744    0.10116   0.302585   0.118838
  0.239489   0.725084   0.396344  0.0886118   0.281536  0.0680284
  0.268855   0.648763   0.355686   0.102003   0.321215    0.05913
  0.268855   0.648763   0.355686   0.102003   0.321215    0.05913
  0.244552    0.70636   0.387479  0.0575283   0.306619  0.0391382
  0.244552    0.70636   0.387479  0.0575283   0.306206  0.0368868
  0.262465    0.66414   0.365327  0.0901701   0.317314  0.0321473
  0.252303   0.682792    0.37499  0.0915818   0.302308  0.0259384
  0.252098   0.675047   0.370261  0.0897494   0.307026  0.0232306
  0.244604   0.676875   0.366914  0.0800414   0.290846  0.0163304
  0.244604   0.676875   0.366914  0.0800414   0.290846  0.0163304
  0.247988   0.679127   0.364227  0.0790715   0.287322  0.0162205
  0.248212    0.66121    0.36492  0.0861448   0.306686  0.0116497
   0.24687   0.660616   0.365213  0.0851497   0.307313  0.0112896
  0.246585   0.661654   0.367273  0.0851838   0.307449  0.0112073
  0.249609   0.670653   0.365755  0.0794614   0.298178  0.0111908
  0.250874   0.666561   0.359923  0.0743906   0.298211 0.00827207
  0.259587   0.784921   0.408829  0.0475032   0.271776 0.00442165
  0.259473   0.784928   0.408578  0.0473698    0.27176 0.00425013
  0.260131   0.784928   0.408578  0.0470991   0.272038 0.00420588
  0.260128   0.784918   0.408512  0.0470936   0.272039 0.00413107
  0.258119   0.762199   0.399165  0.0520137   0.276803 0.00283997
  0.258119   0.762199   0.399165  0.0520137   0.276803  0.0232242
  0.259407   0.766247   0.401169  0.0538967   0.278541  0.0215261
  0.260012   0.768038   0.402052  0.0514587   0.277708  0.0214146
  0.259667   0.769659   0.402316  0.0511466   0.277877  0.0184616
  0.259667   0.769659   0.402316  0.0511466   0.277877  0.0184616
  0.265961   0.781168   0.408076  0.0512416   0.283058  0.0158165
  0.262363   0.773258   0.404449    0.05263   0.280286  0.0145913
  0.260514   0.782608   0.407674  0.0481182   0.273613  0.0136033
  0.260404   0.782779   0.407656  0.0481425   0.273675  0.0132643
  0.260786   0.783184   0.407518  0.0481425    0.27341  0.0127369
  0.262191   0.782716   0.407366  0.0487801    0.27538    0.01207
  0.265773   0.804333   0.416446  0.0493078   0.272768 0.00967379
  0.265773   0.804333   0.416638  0.0493078   0.272768 0.00922446
   0.26465   0.798304   0.414254  0.0481233   0.273717 0.00860501
  0.264459   0.798143   0.414102  0.0482144   0.273672  0.0084312
  0.264459   0.798143   0.414102  0.0482144   0.273672 0.00540841
  0.264326   0.798876   0.414378  0.0462239   0.274593 0.00472723
  0.264314   0.799293   0.414235  0.0436294   0.273989 0.00472042
  0.264554   0.798816   0.414243  0.0456683   0.274342 0.00442145
   0.26416   0.797617   0.414187   0.046683    0.27464 0.00430341
  0.265372   0.798371   0.415112  0.0469308   0.277299 0.00399229
  0.264008   0.798996   0.417535   0.045553   0.279169 0.00382108
  0.263838   0.799329   0.417262  0.0456289   0.278797 0.00374228
   0.26393    0.79976   0.417626  0.0456056   0.278834 0.00360117
  0.263942   0.794039   0.414108    0.04702   0.278291 0.00329382
  0.263849   0.794379   0.414214  0.0468951   0.278305 0.00315485
  0.263849   0.794379   0.414214  0.0468951   0.278305 0.00681438
  0.265124   0.794392   0.414209  0.0468817    0.28074 0.00651729
  0.264681   0.796231   0.415536  0.0463533   0.280141 0.00573172
   0.26474   0.796166   0.415476   0.046369    0.28017 0.00572806
  0.264581   0.796018   0.415494  0.0460668   0.280319 0.00572038
  0.264612   0.796717   0.416074  0.0461195   0.280338 0.00569678
  0.264603   0.796533   0.415921  0.0460786   0.280333 0.00567487
  0.264601   0.796801   0.415955  0.0460721   0.280323  0.0056294
  0.264602   0.796758    0.41599   0.046096   0.280314 0.00561767
  0.264655     0.7965   0.416205  0.0460834    0.28142  0.0055369
   0.26463   0.796468   0.416179   0.046104   0.281085 0.00548753
   0.26463   0.796468   0.416179   0.046104   0.281085 0.00253424
  0.264658   0.796469   0.416173  0.0461026   0.281098 0.00252859
  0.264298   0.791052   0.416212    0.04739   0.286232  0.0024769
  0.264337   0.791767   0.416196  0.0472404   0.285639 0.00221337
  0.264384   0.790546    0.41481  0.0472823   0.284864 0.00207447
  0.264321   0.791479     0.4154  0.0471939   0.284762 0.00206344
   0.26431   0.791667   0.415583  0.0471818   0.284901 0.00205689
  0.264435   0.791688   0.415537  0.0472881   0.284853 0.00204552
  0.264379   0.791697   0.415567  0.0472408   0.284868 0.00204546
  0.264379   0.791697   0.415567  0.0472408   0.284868 0.00204546
  0.264423    0.79169   0.415543  0.0472779   0.284888 0.00203391
   0.26442   0.791693   0.415543  0.0472764   0.284888 0.00203336
  0.264564   0.791782   0.415383  0.0470458   0.284852 0.00202318
  0.265046   0.791967   0.415437  0.0472318   0.285574 0.00201818
  0.265046   0.791901   0.415497  0.0472317   0.285574 0.00199027
  0.264698   0.791874   0.415668  0.0471339   0.285343 0.00196517
  0.264672   0.791908    0.41562  0.0470233    0.28535 0.00194469
  0.264665   0.791543   0.415623  0.0474041   0.285575 0.00191512
  0.264663   0.791549   0.415604  0.0473999   0.285592 0.00191129
  0.264627   0.791483   0.415728  0.0473195   0.285901 0.00187744
  0.264691   0.791314   0.415675  0.0473204   0.286177 0.00185805
  0.264691   0.791286   0.415674  0.0473204   0.286167 0.00184823
    0.2647   0.791293   0.415779  0.0473124   0.286249 0.00184115
    0.2647   0.791293   0.415779  0.0473124   0.286249 0.00184115
   0.26477   0.791303   0.415778  0.0472364   0.286589 0.00182255
  0.264744   0.791282    0.41577  0.0472459   0.286513 0.00181669
  0.264848   0.791265   0.415753  0.0471912   0.286707 0.00180716
  0.265127   0.791528   0.416253  0.0470433   0.287632 0.00173389
  0.265081   0.791568    0.41618  0.0470803   0.287431 0.00171301
   0.26502   0.791584    0.41618  0.0470804   0.287431 0.00170364
  0.265059   0.791559   0.416203  0.0470654   0.287517  0.0016947
  0.265046   0.791572   0.416201  0.0470741     0.2875 0.00169445
   0.26502    0.79153   0.416208  0.0470741   0.287501 0.00169244
  0.265077    0.79171   0.416263  0.0470576    0.28746  0.0016921
  0.265072   0.791688   0.416256  0.0470335    0.28751 0.00169119
  0.265072   0.791692   0.416255  0.0470442     0.2875  0.0016905
  0.265067   0.791684   0.416268  0.0470382   0.287503 0.00168999
  0.265042   0.791625   0.416245  0.0470508   0.287511 0.00168976
  0.265056   0.791669   0.416257  0.0470441   0.287507 0.00168935
  0.265072   0.791713   0.416297  0.0470405   0.287505 0.00168842
   0.26507   0.791698   0.416271  0.0470428    0.28751 0.00168773
  0.265069     0.7917   0.416279  0.0470424   0.287509 0.00168712
  0.265052   0.791697    0.41629  0.0470424   0.287515 0.00168447
  0.265052   0.791697    0.41629  0.0470422   0.287515 0.00168445
  0.264985   0.791832   0.416425   0.047103   0.287513  0.0016698
  0.265059   0.791943   0.416441  0.0470996   0.287532 0.00166146
  0.265062   0.791934   0.416441  0.0470996   0.287527 0.00165962
  0.265061   0.791949   0.416449  0.0471159   0.287512 0.00165811
  0.265062   0.791898   0.416468  0.0470932   0.287628 0.00165125
  0.265077   0.791904   0.416463  0.0471846   0.287618 0.00164553
  0.265077   0.791904   0.416463  0.0471846   0.287618 0.00164553
CODE FINISHED RUNNING IN 6 s TIME!
Job Statistics for 2163674:
           JobID       User               Start                 End    Elapsed     MaxRSS   TotalCPU      State Exit        NodeList                                  ReqTRES 
---------------- ---------- ------------------- ------------------- ---------- ---------- ---------- ---------- ---- --------------- ---------------------------------------- 
         2163674   rsjxw007 2021-10-17T14:50:09 2021-10-17T14:50:16   00:00:07             00:06.520  COMPLETED  0:0   r1pl-hpcf-n21         billing=1,cpu=1,mem=7812M,node=1 
   2163674.batch            2021-10-17T14:50:09 2021-10-17T14:50:16   00:00:07          0  00:06.519  COMPLETED  0:0   r1pl-hpcf-n21                                          
  2163674.extern            2021-10-17T14:50:09 2021-10-17T14:50:16   00:00:07          0  00:00.001  COMPLETED  0:0   r1pl-hpcf-n21                                          
CPU Efficiency: 100.00% of 00:00:07 core-walltime
