Using two part PSO Sample Size:5000 with:9 moments.
Using Times:3
Bounds for Uniform Distribution (0,1)
Blind PSO --> nParts:5000 Nsteps:5
Targeted PSO --> nParts:5 Nsteps:5000
sdbeta:0.1
Reading in data!
Blocking Data!
Using starting row of data:0 and 5000 data pts!
first row X0: 8.83545  7.57343 0.396305
final row X0:1.63756  4.1577 4.69516



Loading in Truk!
Calculating Yt!
did this compute?
seedk:0.0471707  0.157628  0.437906  0.607584 0.0395102| cost:165032
XtmVec:10.2351 15.6107 2.47714 187.296 404.027 14.4241  263.55  50.311 66.8159
YtmVec:12.3339 6.92364 9.03539  236.18 76.6238 158.918 133.581 177.064  105.42
PSO begins!
overflow!
underflow!0.000398288
pos   0.839346    0.539071 0.000398288    0.179197    0.214211
underflow!0.00320673
pos 0.91015 0.567053 0.184284 0.350256 0.678178
underflow!0.00233765
pos  0.985075   0.396009 0.00233765    0.47034   0.844166
overflow!
overflow!
overflow!
underflow!0.00218378
pos  0.836847   0.392139 0.00218378   0.645656   0.344031
underflow!0.0021515
pos 0.593959 0.0639951  0.638464  0.247128  0.545734
overflow!
overflow!
underflow!0.000207153
pos   0.107597    0.157298    0.794181    0.307301 0.000207153
underflow!4.26825e-12
pos   0.107597    0.157298    0.794181    0.307301 0.000207153
underflow!0.00465517
pos  0.98783  0.680483  0.863721   0.96377 0.0799227
underflow!0.00249656
pos0.215988 0.530745 0.613581 0.376777 0.429338
underflow!0.000886252
pos0.0320326  0.941619 0.0727566  0.932622  0.876128
overflow!
overflow!
overflow!
underflow!0.000696539
pos0.000696539    0.998144    0.633064     0.27718    0.957215
overflow!
overflow!
underflow!2.82383e-07
pos0.772353 0.966924 0.279691 0.676953 0.102178
underflow!0.00277263
pos  0.811908   0.506445   0.277158   0.869592 0.00277263
overflow!
underflow!0.000643768
pos  0.0720469    0.300703 0.000643768     0.12838    0.993403
underflow!3.06888e-11
pos  0.0720469    0.300703 0.000643768     0.12838    0.993403
overflow!
overflow!
underflow!0.000145611
pos 0.548843  0.794241  0.626447 0.0447478  0.816104
underflow!0.000428637
pos 0.899829  0.659102  0.498827 0.0496306  0.535997
underflow!0.00244952
pos 0.129762 0.0196811  0.108152   0.93526  0.439579
underflow!0.00456205
pos0.00456205    0.67443   0.370273   0.535256   0.886899
overflow!
underflow!0.000811411
pos   0.456257    0.782333    0.331127   0.0857698 0.000811411
underflow!0.00451647
pos  0.964414    0.16121 0.00451647   0.084887    0.48896
overflow!
overflow!
underflow!3.06474e-05
pos0.00999673   0.378333   0.151747  0.0387856   0.875543
underflow!0.00373292
pos0.00373292   0.985712   0.397019 0.00802436   0.203813
underflow!6.58422e-22
pos0.00373292   0.985712   0.397019 0.00802436   0.203813
underflow!9.64426e-06
pos 0.891157 0.0127278  0.115908  0.690946  0.935191
underflow!0.0036846
pos0.0036846  0.920011  0.191392  0.407145  0.784055
underflow!0.00117222
pos 0.679444  0.265132  0.670002 0.0281373  0.191037
overflow!
overflow!
underflow!4.00283e-05
pos 0.480791  0.707659 0.0602272   0.26313   0.22345
underflow!0.00129687
pos 0.466185  0.988641  0.646586 0.0825747  0.944181
underflow!0.00432574
pos  0.409167   0.484532   0.607811 0.00432574   0.425304
underflow!0.00423965
pos  0.265967   0.660971 0.00423965   0.367271   0.864984
underflow!2.97522e-07
pos  0.265967   0.660971 0.00423965   0.367271   0.864984
overflow!
overflow!
overflow!
underflow!0.00209971
pos  0.706586   0.707518   0.541652   0.793277 0.00209971
underflow!1.33497e-11
pos  0.706586   0.707518   0.541652   0.793277 0.00209971
overflow!
underflow!0.00249691
pos0.414128 0.427765 0.289753 0.184877 0.929214
overflow!
overflow!
overflow!
underflow!0.00255029
pos 0.733946  0.713786  0.888599  0.388055 0.0470342
underflow!7.4025e-06
pos0.216171 0.825944 0.284579  0.62486 0.220992
overflow!
overflow!
overflow!
overflow!
underflow!0.000185545
pos   0.731361    0.802586    0.977105    0.599877 0.000185545
underflow!0.00444503
pos  0.324967   0.119005   0.474576 0.00444503   0.181672
underflow!0.00302125
pos 0.121793 0.0522977  0.216783 0.0595051  0.284743
underflow!0.000108118
pos 0.751909  0.547156  0.490767 0.0674373  0.681056
underflow!0.00258084
pos  0.554207   0.189422   0.644595 0.00258084 0.00481312
overflow!
overflow!
underflow!0.00407804
pos  0.258474    0.19321   0.808463 0.00407804   0.167191
underflow!5.33561e-10
pos  0.258474    0.19321   0.808463 0.00407804   0.167191
overflow!
overflow!
overflow!
overflow!
underflow!0.000382316
pos   0.162218    0.621704    0.872316    0.738073 0.000382316
overflow!
overflow!
underflow!0.00230005
pos0.880153 0.959016 0.672544 0.844495  0.01916
underflow!0.00162913
pos  0.412537  0.0612494 0.00162913   0.854745   0.432953
overflow!
overflow!
underflow!0.00240184
pos 0.322198  0.112743 0.0583714  0.278378  0.333566
underflow!9.05741e-07
pos 0.322198  0.112743 0.0583714  0.278378  0.333566
underflow!0.000459406
pos   0.962685    0.232219    0.076339    0.204144 0.000459406
underflow!0.00394874
pos  0.518422   0.522596 0.00394874   0.911143   0.330334
underflow!2.23016e-08
pos  0.518422   0.522596 0.00394874   0.911143   0.330334
overflow!
overflow!
underflow!0.000731736
pos 0.959257  0.618938 0.0365704  0.146532 0.0349209
underflow!5.55987e-05
pos0.399048 0.198883 0.817927 0.651781 0.021773
underflow!0.000862843
pos0.0666408  0.870997  0.244188  0.850234  0.348758
overflow!
underflow!0.00219534
pos 0.155054 0.0572908  0.096485  0.169678 0.0887195
overflow!
overflow!
underflow!4.95627e-18
pos 0.871453 0.0170805  0.905438 0.0406139 0.0716452
underflow!9.76672e-07
pos  0.92057  0.361513    0.1898 0.0125617  0.689519
overflow!
overflow!
overflow!
underflow!0.00331282
pos  0.252572   0.678065 0.00331282   0.260686   0.373862
underflow!1.21917e-14
pos0.0797736  0.816122  0.735021 0.0085088  0.891318
underflow!6.67175e-08
pos0.471508 0.655189 0.179884 0.395816 0.102246
underflow!0.00334148
pos 0.263325  0.342248  0.297422  0.723459 0.0707418
underflow!0.004874
pos0.0629055  0.309797  0.688307 0.0999889  0.004874
overflow!
underflow!0.00264801
pos  0.884721 0.00264801   0.198763   0.946123   0.542433
overflow!
overflow!
overflow!
overflow!
underflow!8.35637e-07
pos0.166704 0.494867 0.558784 0.493896 0.117073
underflow!0.000388916
pos   0.423312    0.670413    0.680969    0.704388 0.000388916
overflow!
underflow!4.03292e-11
pos  0.601411   0.492801   0.807726 0.00554092   0.370788
overflow!
underflow!0.00166908
pos 0.16335 0.288713 0.950184  0.14467  0.63926
underflow!0.00492091
pos  0.523929   0.256216   0.324287 0.00492091   0.324326
overflow!
underflow!0.00251683
pos  0.172585   0.809346   0.929778 0.00251683  0.0513196
underflow!8.17296e-06
pos 0.903327   0.40007  0.315669  0.268284 0.0237664
underflow!1.59489e-06
pos 0.903327   0.40007  0.315669  0.268284 0.0237664
underflow!0.000225644
pos0.819178  0.51044 0.664422   0.7768 0.036831
underflow!0.000549172
pos 0.943692 0.0304912  0.655971  0.814352  0.618013
underflow!0.000536593
pos 0.127623   0.68934 0.0959772  0.314382  0.886395
overflow!
underflow!3.58997e-05
pos 0.754764 0.0278099  0.589523  0.389106  0.270506
underflow!1.01405e-08
pos 0.987562  0.409641 0.0191098  0.519646  0.421468
underflow!0.0015349
pos 0.458988  0.631886  0.742418 0.0750716  0.515985
overflow!
overflow!
overflow!
overflow!
underflow!0.000163696
pos 0.732329  0.563823  0.613199 0.0779545  0.132402
underflow!0.000163851
pos 0.732329  0.563823  0.613199 0.0779545  0.132402
underflow!0.00042718
pos  0.760054 0.00042718     0.2357   0.775388   0.969821
underflow!3.2952e-05
pos0.850946 0.549109 0.409203 0.224834 0.199709
overflow!
underflow!0.000198041
pos 0.420514  0.235442   0.53067   0.17897 0.0852605
underflow!0.000452194
pos   0.329548    0.381564    0.238989    0.676217 0.000452194
underflow!1.24664e-07
pos   0.329548    0.381564    0.238989    0.676217 0.000452194
overflow!
underflow!0.00392024
pos0.787341 0.788298 0.172238  0.76088 0.721784
overflow!
overflow!
underflow!0.00457317
pos  0.908226    0.50928   0.534887   0.454717 0.00457317
overflow!
underflow!0.000212088
pos0.668958 0.168156 0.122739  0.73521 0.875198
underflow!0.000472255
pos0.586401 0.424062 0.463743 0.476678 0.774008
underflow!0.000173624
pos0.389949 0.549645 0.496833 0.868328 0.104748
underflow!2.07454e-08
pos 0.857445  0.961559  0.794327  0.302269 0.0390598
underflow!1.52842e-07
pos  0.879151   0.888354   0.978773 0.00978434  0.0321705
underflow!0.00144752
pos  0.301223 0.00144752   0.350635   0.986394   0.777415
underflow!0.000295498
pos 0.478558 0.0232291   0.66681  0.878896  0.990152
overflow!
underflow!0.00497807
pos0.324083 0.808553  0.27997 0.160003  0.82274
underflow!1.44819e-15
pos  0.807344   0.600431 0.00662339   0.881663    0.71537
underflow!1.77001e-26
pos  0.807344   0.600431 0.00662339   0.881663    0.71537
overflow!
overflow!
underflow!4.12921e-07
pos 0.468371  0.588768 0.0378153  0.692194  0.907642
overflow!
overflow!
overflow!
underflow!0.00130607
pos0.178907  0.44759  0.60808 0.111667 0.874769
overflow!
underflow!4.77518e-07
pos0.0646701   0.43224  0.229441 0.0984091  0.207045
overflow!
overflow!
overflow!
underflow!0.00207741
pos 0.706666 0.0825204  0.485836   0.29248  0.599833
overflow!
underflow!0.00100869
pos 0.997662  0.746446 0.0906564  0.781789  0.540436
underflow!0.0033532
pos0.0899842 0.0033532    0.9934  0.919074   0.39574
underflow!0.00449552
pos0.670376 0.949648 0.541688 0.274358 0.297116
underflow!0.000587967
pos0.853776  0.11195 0.977876 0.125332 0.308298
underflow!0.000264386
pos  0.58483 0.0751256  0.872546  0.597862 0.0993934
overflow!
underflow!0.00383045
pos  0.584704   0.605805   0.826187 0.00383045    0.18747
underflow!3.55086e-07
pos 0.705825  0.546931  0.721767 0.0813119  0.930967
underflow!0.00295415
pos  0.703782   0.495612 0.00295415   0.890841   0.307646
overflow!
underflow!0.00297781
pos  0.705223   0.921868    0.29867   0.802728 0.00297781
underflow!0.00205397
pos0.589174 0.675573  0.91188 0.435001 0.250761
underflow!0.000161198
pos   0.225605 0.000161198    0.848666    0.689513    0.654971
underflow!0.00413489
pos  0.778419  0.0758277   0.958793   0.470989 0.00413489
underflow!5.70312e-19
pos0.640033 0.386624  0.61167  0.47486 0.327914
underflow!1.3457e-05
pos 0.156436  0.856734 0.0333367  0.467632  0.270896
overflow!
underflow!0.000464701
pos 0.106912 0.0266781  0.981507  0.288365  0.671315
underflow!0.000220801
pos  0.646596  0.0254328    0.24595   0.501761 0.00840871
overflow!
underflow!0.00327802
pos 0.310701 0.0540448  0.361621  0.181698  0.115451
underflow!0.00308957
pos  0.710146   0.345141  0.0974256  0.0648563 0.00308957
underflow!0.00333002
pos 0.944551 0.0322316  0.349078  0.285484  0.620319
underflow!0.000914807
pos 0.652853  0.699123  0.574665 0.0465761   0.50181
underflow!0.00345324
pos  0.336691   0.703075 0.00345324   0.367986   0.531758
underflow!0.0037654
pos0.966822 0.658811 0.986599 0.167309 0.162328
underflow!2.34066e-06
pos 0.161228  0.195206 0.0102552   0.84396  0.169795
underflow!0.00465539
pos0.00465539    0.23087   0.431677   0.139657   0.910093
overflow!
underflow!1.09559e-27
pos  0.127682 0.00674065   0.878567   0.767803 0.00539091
underflow!0.00458565
pos 0.324437   0.19777  0.708365  0.951652 0.0907925
underflow!1.78178e-11
pos 0.894135  0.235672 0.0081388  0.108203  0.901425
underflow!0.00330829
pos0.409653 0.397826  0.70209 0.226753 0.588964
overflow!
underflow!9.17601e-08
pos 0.916329 0.0242039  0.526305  0.528261  0.103884
underflow!0.000122556
pos  0.0843381    0.279537    0.520906    0.756469 0.000122556
overflow!
overflow!
underflow!0.000415418
pos 0.570536  0.343726  0.857947 0.0608523  0.423873
underflow!0.00417839
pos 0.33984 0.105806 0.599842 0.631634 0.809214
underflow!0.00429726
pos 0.33984 0.105806 0.599842 0.631634 0.809214
overflow!
overflow!
overflow!
overflow!
overflow!
underflow!0.00132753
pos0.00132753   0.818382  0.0707252   0.675087   0.158713
underflow!0.00221534
pos0.377478 0.657766 0.972684 0.509716  0.14942
overflow!
overflow!
underflow!0.00241727
pos0.00241727   0.790126   0.713096   0.488393     0.6953
overflow!
underflow!0.00396387
pos   0.24846   0.898813   0.618795 0.00396387   0.687004
underflow!1.4104e-11
pos   0.24846   0.898813   0.618795 0.00396387   0.687004
underflow!1.52918e-08
pos 0.336925  0.588148 0.0241825  0.313657  0.585421
overflow!
overflow!
overflow!
underflow!7.64667e-61
pos    0.7734   0.323874   0.199932  0.0218807 0.00915433
underflow!0.00133306
pos0.0271857  0.676854  0.108753 0.0386313  0.289362
overflow!
underflow!4.88549e-06
pos 0.795808 0.0661499  0.848221  0.910705  0.325177
underflow!0.00338728
pos 0.795808 0.0661499  0.848221  0.910705  0.325177
overflow!
underflow!0.000148804
pos0.478833 0.229921  0.90084 0.281561 0.334967
overflow!
overflow!
underflow!0.00062685
pos0.516482 0.996038 0.512437 0.131279 0.547803
underflow!7.48218e-14
pos0.516482 0.996038 0.512437 0.131279 0.547803
overflow!
underflow!0.00024186
pos0.150487 0.799485 0.505766 0.114663 0.258749
underflow!0.00084777
pos0.105989 0.241221 0.118487 0.150883 0.464468
overflow!
overflow!
overflow!
underflow!3.78696e-08
pos0.476079 0.463242  0.76575 0.870373 0.186843
overflow!
overflow!
overflow!
overflow!
overflow!
underflow!0.0013455
pos 0.883516 0.0537458  0.915088 0.0634822  0.829498
underflow!8.00384e-08
pos 0.883516 0.0537458  0.915088 0.0634822  0.829498
underflow!0.00339732
pos  0.662602   0.218544 0.00339732   0.347386   0.539278
underflow!0.00263298
pos  0.128498    0.63258 0.00263298   0.350831   0.914477
overflow!
underflow!0.00100417
pos   0.944355    0.925719    0.108146 0.000251142    0.382407
underflow!2.81524e-21
pos   0.944355    0.925719    0.108146 0.000251142    0.382407
overflow!
overflow!
overflow!
overflow!
overflow!
underflow!5.83143e-21
pos 0.780016 0.0202985  0.972863  0.670651  0.222739
underflow!1.20068e-06
pos 0.742063  0.270059 0.0746551  0.642969  0.207108
overflow!
underflow!0.000176161
pos 0.858561  0.512072 0.0102679  0.435847  0.955068
underflow!4.69889e-15
pos 0.248015  0.185387 0.0154906  0.477285  0.678476
underflow!1.85523e-06
pos 0.736722 0.0778405  0.285387  0.330518 0.0497021
underflow!0.00414233
pos  0.625011   0.587821   0.474818 0.00414233  0.0731949
underflow!0.000210484
pos   0.228792    0.272464    0.443534 0.000210484    0.640747
underflow!5.98128e-07
pos   0.228792    0.272464    0.443534 0.000210484    0.640747
overflow!
overflow!
underflow!0.000279905
pos0.187502 0.210329 0.132639 0.560866 0.557231
underflow!0.000825035
pos 0.162941 0.0771468  0.442124  0.651594 0.0280623
underflow!7.00289e-07
pos 0.162941 0.0771468  0.442124  0.651594 0.0280623
underflow!0.000348958
pos  0.0473337   0.0983216    0.691003   0.0322357 0.000348958
overflow!
overflow!
underflow!0.000581309
pos0.598014 0.996933 0.808415  0.03702  0.78384
overflow!
overflow!
overflow!
overflow!
overflow!
overflow!
underflow!0.000622033
pos   0.575403 0.000622033    0.514655     0.11676    0.484186
overflow!
underflow!0.000194406
pos 0.632033  0.297683  0.760127  0.672604 0.0155371
underflow!0.00250573
pos  0.712878 0.00250573   0.513911   0.328868   0.243456
underflow!8.47682e-06
pos0.797837 0.955385 0.379011 0.554367  0.25742
underflow!4.70019e-12
pos0.797837 0.955385 0.379011 0.554367  0.25742
overflow!
underflow!0.000987737
pos0.0400321  0.510431  0.614565 0.0118154 0.0721503
overflow!
underflow!5.4224e-06
pos 0.343975    0.0804  0.954937  0.485192 0.0292755
overflow!
overflow!
underflow!0.000486493
pos 0.402661  0.901706  0.526444  0.592339 0.0404568
underflow!0.000799332
pos 0.402661  0.901706  0.526444  0.592339 0.0404568
overflow!
underflow!0.000249116
pos0.0945509  0.408983  0.976381  0.597384 0.0560121
overflow!
underflow!0.00143182
pos 0.466898  0.316395 0.0735698  0.703667  0.342729
underflow!6.06397e-09
pos0.0260818 0.0378301 0.0571491  0.616648  0.746449
underflow!2.72372e-06
pos 0.215266 0.0387262  0.906289  0.960904  0.569381
overflow!
underflow!4.50976e-05
pos 0.213942  0.297961  0.610602 0.0434556  0.442802
overflow!
underflow!2.21584e-07
pos0.331334 0.110338  0.88042 0.969383 0.310133
underflow!0.00108977
pos  0.70459  0.475488  0.098595 0.0355802  0.464161
overflow!
overflow!
underflow!0.00119854
pos 0.220439  0.266799 0.0401853  0.891993  0.143911
underflow!0.00308954
pos  0.896238   0.898464   0.208411   0.205774 0.00308954
underflow!3.12069e-11
pos0.0214489  0.214082  0.238374  0.135199 0.0135905
overflow!
overflow!
overflow!
overflow!
underflow!0.00266865
pos  0.984697 0.00266865   0.448591    0.83095   0.790272
underflow!7.49517e-06
pos  0.984697 0.00266865   0.448591    0.83095   0.790272
overflow!
overflow!
overflow!
overflow!
underflow!3.74503e-05
pos0.930297  0.01777 0.326429 0.303925 0.498234
underflow!1.3614e-09
pos 0.876851  0.448325  0.553242 0.0289065  0.453202
overflow!
overflow!
overflow!
underflow!0.000390188
pos0.518132 0.379951 0.363761 0.143403 0.537736
overflow!
underflow!4.79825e-24
pos0.384104 0.783801 0.646166 0.309188 0.519271
underflow!3.50416e-06
pos0.384104 0.783801 0.646166 0.309188 0.519271
underflow!0.000314856
pos 0.568257  0.490971 0.0952603   0.71248  0.225223
underflow!2.71992e-05
pos 0.568257  0.490971 0.0952603   0.71248  0.225223
underflow!0.00122056
pos0.609358  0.51762 0.620052  0.13636 0.692171
underflow!7.2697e-05
pos0.124422 0.867209 0.800219 0.425028 0.204178
underflow!0.0048689
pos0.572014 0.553172 0.701126 0.235138 0.495958
underflow!0.000976289
pos 0.477917  0.579688  0.472231 0.0787503  0.332226
overflow!
overflow!
underflow!0.000385934
pos  0.67551  0.616473  0.405559 0.0708516  0.931599
overflow!
overflow!
overflow!
overflow!
overflow!
overflow!
underflow!0.00104153
pos 0.761103  0.327552  0.178508  0.352798 0.0869711
overflow!
overflow!
overflow!
underflow!0.000165648
pos0.511103 0.351907 0.117366 0.528676 0.763349
underflow!0.000279321
pos 0.163522  0.159098  0.220835 0.0757909  0.131079
underflow!9.98395e-10
pos0.640963 0.835348 0.654956 0.235611 0.145759
overflow!
overflow!
underflow!0.00148575
pos 0.241715  0.618981  0.181463 0.0400423  0.924693
underflow!3.98017e-05
pos0.785279 0.227822 0.563042  0.12102 0.784334
overflow!
underflow!4.1021e-06
pos 0.24194 0.535491 0.288102 0.231992 0.547943
underflow!0.00141603
pos 0.220738   0.31874 0.0993789 0.0644662  0.118803
underflow!2.9932e-36
pos 0.732688  0.167062  0.229629 0.0173393  0.892462
overflow!
overflow!
underflow!8.08282e-06
pos0.167189 0.126622 0.448767 0.833149 0.111616
underflow!0.00264458
pos 0.276696  0.803494  0.386476 0.0946708  0.283986
underflow!0.004129
pos0.175258 0.475033 0.601533 0.036028 0.432006
underflow!6.57455e-09
pos 0.238801   0.64504  0.604267 0.0307562  0.592375
overflow!
underflow!0.000449504
pos 0.385878  0.857934   0.39264 0.0218232 0.0900053
overflow!
underflow!2.02193e-06
pos 0.325496  0.394416  0.287922 0.0953167  0.441589
overflow!
overflow!
underflow!0.0035527
pos0.852422 0.478589  0.45647  0.20303 0.145978
underflow!0.000208325
pos0.535984 0.792762 0.139272 0.754912 0.679879
underflow!2.32128e-05
pos0.447151 0.268724 0.561454 0.121368 0.676096
underflow!0.000822321
pos 0.313021  0.769073  0.760773 0.0512971  0.834149
underflow!0.000318983
pos 0.408945  0.394233   0.25592 0.0391505  0.356206
underflow!0.00194623
pos0.486589 0.177365 0.143393 0.628325 0.285651
overflow!
underflow!3.10058e-07
pos 0.487363    0.1466  0.324019 0.0300774  0.333778
overflow!
underflow!8.78635e-13
pos0.0559917  0.572763 0.0135537 0.0221428 0.0827888
underflow!2.49186e-06
pos 0.378776  0.100848  0.155686 0.0453434  0.189786
underflow!0.00299452
pos 0.53337 0.644731 0.307494  0.26843 0.691664
underflow!0.000401115
pos0.317943 0.218286 0.297271 0.148805 0.826827
overflow!
underflow!7.83445e-06
pos0.189537 0.697267 0.701993 0.113621 0.781848
underflow!0.000171684
pos0.312723 0.694185 0.106796 0.460229 0.172751
underflow!0.00265548
pos 0.07712 0.383876 0.439988 0.228474 0.193355
underflow!0.000464788
pos0.297152 0.269383 0.105693 0.267936 0.118662
underflow!0.0011094
pos0.331632 0.202615 0.439309 0.113059 0.284637
underflow!0.000171429
pos 0.151182  0.360138 0.0533778   0.06631  0.214716
overflow!
overflow!
overflow!
underflow!0.000110783
pos 0.318112  0.665908 0.0534228  0.728795  0.825243
overflow!
underflow!0.000660778
pos0.0342017  0.172971   0.69566  0.114222  0.167542
overflow!
underflow!0.000743308
pos0.409153 0.618555 0.716795 0.249001 0.714977
underflow!1.57698e-05
pos 0.257234  0.304368  0.547518  0.847031 0.0829773
underflow!0.00214635
pos 0.654861  0.246403  0.874551 0.0537835 0.0508706
overflow!
overflow!
overflow!
underflow!1.31952e-05
pos0.778343 0.665622 0.778086 0.207575 0.422857
underflow!4.48025e-05
pos 0.880734  0.291564 0.0920917   0.52427   0.90005
underflow!0.00101947
pos 0.809436  0.249663 0.0675001   0.75139  0.691122
underflow!0.00402582
pos0.582807 0.164894 0.238581 0.104986 0.114629
underflow!0.000112971
pos 0.423076  0.194099  0.291051 0.0736557  0.547237
underflow!0.000700536
pos0.794653  0.18897 0.190956 0.693112 0.808794
underflow!2.04008e-05
pos0.619187 0.530244 0.265382 0.107515  0.83886
underflow!0.00194124
pos 0.602319  0.269226  0.304438 0.0709792  0.802875
underflow!0.0040371
pos0.629848 0.612002 0.177654 0.135236 0.202775
underflow!1.14571e-05
pos0.0488469  0.187291   0.69103  0.308666  0.202451
underflow!0.00151349
pos 0.262893  0.539976 0.0992294  0.361427  0.795794
underflow!0.00254015
pos 0.917003  0.123298  0.540139  0.593133 0.0978729
underflow!0.00286538
pos 0.532035 0.0853374  0.686782  0.507994  0.887183
underflow!6.06839e-07
pos 0.727578  0.137788  0.835995 0.0075832  0.676325
overflow!
underflow!1.31753e-11
pos 0.562117  0.717368   0.40629  0.558172 0.0978049
underflow!2.66904e-06
pos 0.125735  0.125279  0.161623 0.0276279  0.313371
overflow!
underflow!5.25425e-05
pos0.241072 0.289638 0.239473 0.265906 0.162335
overflow!
overflow!
overflow!
underflow!2.81988e-08
pos0.163901 0.595186 0.660725 0.034428 0.901678
overflow!
overflow!
underflow!0.000130065
pos0.702147 0.381204 0.112315 0.128536 0.758185
overflow!
underflow!0.000673376
pos0.605842 0.254651 0.179498 0.602475  0.19274
underflow!5.88152e-06
pos 0.113185  0.320787  0.728284 0.0467855  0.195589
overflow!
underflow!0.00144582
pos 0.131093  0.446193 0.0844974  0.763898  0.609492
underflow!0.000914643
pos0.534452   0.4707 0.453062 0.257696  0.08925
overflow!
underflow!1.02022e-05
pos 0.160668  0.779901  0.222038 0.0691267   0.55607
overflow!
underflow!2.24824e-06
pos0.0553177  0.445711 0.0698764  0.580465  0.316627
underflow!0.00188548
pos0.0553177  0.445711 0.0698764  0.580465  0.316627
underflow!3.993e-19
pos  0.477332   0.114379   0.261006 0.00890776   0.452193
overflow!
underflow!0.00042368
pos0.333828 0.440056 0.408684 0.178148 0.293626
underflow!0.00306172
pos0.106178 0.511853 0.462413 0.169419 0.369221
underflow!2.00216e-07
pos 0.458144  0.363201  0.466032 0.0670635  0.211159
underflow!9.3291e-05
pos0.215729 0.707052 0.343679 0.104561 0.542057
underflow!5.91615e-07
pos0.215729 0.707052 0.343679 0.104561 0.542057
underflow!8.30193e-06
pos0.162701 0.683157 0.427172 0.213233 0.546275
underflow!2.58536e-11
pos0.162701 0.683157 0.427172 0.213233 0.546275
overflow!
underflow!0.000332298
pos  0.68963  0.273515 0.0994552   0.62723  0.241753
overflow!
underflow!0.00319803
pos 0.195694  0.512441  0.449197 0.0959551  0.244413
underflow!0.000889848
pos0.233577 0.301773 0.237314 0.287237 0.668694
underflow!0.000240338
pos0.342685 0.625741 0.343513 0.558919 0.701235
underflow!0.00230434
pos 0.379119  0.740537  0.230974 0.0830452  0.428916
underflow!0.0011756
pos0.417485 0.234223 0.438965 0.476532 0.503935
underflow!0.00361593
pos0.602481 0.321837 0.446792 0.094279 0.272278
underflow!4.01496e-25
pos0.223889 0.485161  0.40814 0.318702 0.338668
overflow!
underflow!0.000134049
pos0.237205 0.576872 0.329092  0.11378 0.424057
underflow!6.60412e-05
pos0.246442 0.299314 0.239429  0.13237 0.372504
underflow!0.00074072
pos0.263039 0.515105 0.353803 0.205942 0.380623
overflow!
underflow!0.00112577
pos0.531218  0.41028 0.288202 0.141517 0.347205
underflow!0.000426215
pos0.415595 0.622685 0.423717 0.240142 0.351549
underflow!0.00470018
pos 0.179024  0.300427  0.232485 0.0984738  0.313727
underflow!0.00092192
pos 0.153874  0.204994 0.0955852 0.0465221  0.230338
underflow!0.000579289
pos0.331299 0.561922 0.464841 0.102772 0.536957
overflow!
underflow!0.00246021
pos 0.359688  0.360378  0.179033 0.0925696  0.474643
underflow!0.00305692
pos0.517083 0.426816 0.406478 0.462959 0.137964
underflow!0.00200593
pos0.304613 0.317577 0.432478     0.15 0.299714
overflow!
underflow!0.000323704
pos0.462513 0.150761 0.152046  0.53581  0.74041
underflow!0.00111583
pos0.360503 0.549707 0.377064 0.215448 0.380286
underflow!0.000142384
pos0.381935 0.512084 0.265997 0.111556 0.212339
underflow!0.00294033
pos0.381935 0.512084 0.265997 0.111556 0.212339
overflow!
underflow!3.7225e-06
pos0.0813882  0.194185  0.169372 0.0794725  0.603079
underflow!0.00424866
pos 0.346841  0.150934  0.653241 0.0973595  0.259367
underflow!0.0015429
pos0.101494 0.325198 0.101342 0.061163 0.162605
underflow!0.000432799
pos0.101494 0.325198 0.101342 0.061163 0.162605
underflow!0.00261293
pos0.107723 0.126344 0.561773 0.384196 0.226293
underflow!2.61689e-17
pos0.508675 0.289099 0.131845 0.188231 0.644841
overflow!
underflow!5.55912e-06
pos0.182769 0.347524 0.208202 0.307768 0.251094
underflow!9.18562e-05
pos0.282002 0.241402 0.232827  0.12737  0.32079
underflow!0.000322698
pos0.166293 0.377672 0.209185 0.222086 0.565419
underflow!0.000429184
pos0.131668 0.348103  0.61397  0.33331 0.317433
underflow!0.00131025
pos0.739031  0.42313 0.222767 0.272749 0.350086
underflow!0.00447728
pos0.362289 0.366862 0.274625 0.300078 0.353715
underflow!1.62139e-07
pos 0.14709 0.252162  0.56505 0.609719 0.237239
underflow!0.00076428
pos0.473652 0.418331 0.153341 0.271206 0.567826
underflow!0.0029471
pos0.152406 0.421207 0.406106 0.235877 0.253704
underflow!0.00434619
pos0.225021 0.149323 0.164853 0.198952 0.288706
underflow!0.00370414
pos0.216598 0.413454 0.356824 0.154272 0.345399
underflow!1.54246e-05
pos 0.601718  0.489919  0.403458 0.0869137  0.481267
underflow!0.00297358
pos0.296013 0.584724 0.316267 0.168384 0.158313
underflow!0.00410726
pos0.455806 0.285572 0.701402 0.130009 0.151863
underflow!0.000590986
pos 0.91796 0.866829  0.25831 0.256493 0.370803
underflow!3.91867e-07
pos 0.270022  0.521095  0.375139 0.0515556  0.593059
overflow!
overflow!
underflow!0.000238742
pos0.357844 0.421309 0.368653 0.121046 0.347862
overflow!
overflow!
underflow!0.00431221
pos0.709774 0.389788 0.297108 0.144799 0.651055
underflow!0.00118593
pos 0.262168  0.172904 0.0988806  0.379913  0.582475
underflow!0.00120054
pos0.277968 0.362128  0.26472 0.133942  0.46452
underflow!0.00384276
pos0.202931 0.572891 0.331927 0.197885 0.222986
overflow!
underflow!0.00435151
pos0.598963 0.271868 0.239441  0.71482 0.371102
underflow!0.000145176
pos 0.735202  0.689522 0.0729907  0.358412  0.611274
underflow!0.00117135
pos0.259811 0.496356 0.346969 0.086528 0.247541
overflow!
underflow!0.000153856
pos 0.238747  0.715755   0.80625 0.0851387  0.755924
underflow!1.56458e-17
pos 0.238747  0.715755   0.80625 0.0851387  0.755924
underflow!0.002267
pos0.594382 0.347934 0.112144 0.106475 0.750077
underflow!2.69878e-09
pos0.202732 0.421896 0.286016 0.179382 0.341622
underflow!1.77997e-06
pos0.213058 0.630665  0.37196 0.171805 0.203398
underflow!0.00241724
pos0.312521 0.475108 0.355645  0.20216 0.432101
underflow!0.00296878
pos0.312521 0.475108 0.355645  0.20216 0.432101
underflow!0.0020644
pos0.532461 0.705753 0.319225 0.230154 0.537679
underflow!8.16852e-07
pos0.144005 0.309521 0.295999   0.1429 0.381118
underflow!5.88386e-08
pos0.244709 0.501259 0.364773 0.173638 0.393363
underflow!0.00381156
pos0.275061 0.352315 0.393365 0.172934 0.500002
underflow!0.00311713
pos0.280907 0.323472 0.284342 0.146022 0.270652
underflow!3.6169e-05
pos0.328805 0.242457  0.32417 0.159541 0.365907
overflow!
underflow!0.00202285
pos0.382522 0.523161 0.459583 0.171988 0.363057
underflow!3.56109e-06
pos 0.124945  0.165118  0.125466 0.0558595  0.247235
underflow!0.0035399
pos 0.124945  0.165118  0.125466 0.0558595  0.247235
underflow!0.000112111
pos 0.124945  0.165118  0.125466 0.0558595  0.247235
underflow!0.00204125
pos0.430695 0.616719 0.521896 0.141394  0.55378
underflow!7.63449e-18
pos0.121125 0.452406 0.326739 0.170012 0.415772
underflow!0.0037167
pos0.158127 0.692111 0.245153 0.125446 0.595876
underflow!5.437e-06
pos0.340897 0.480242 0.344601 0.385194  0.41381
underflow!1.02074e-22
pos 0.17801 0.462781 0.338077 0.263423 0.308556
underflow!0.00103803
pos0.230886 0.429577 0.297156 0.256825 0.254668
underflow!0.00464113
pos0.262487 0.327214 0.310229 0.200113 0.488765
underflow!3.05145e-07
pos0.237159 0.453727 0.412468 0.194882 0.427492
underflow!0.00375794
pos0.355909 0.407409 0.483114 0.171088 0.507304
underflow!0.000739647
pos0.117976 0.280924  0.18363  0.14958 0.348484
underflow!3.66267e-08
pos0.117976 0.280924  0.18363  0.14958 0.348484
overflow!
underflow!1.38354e-05
pos0.329554 0.560238 0.466258 0.135719  0.59852
underflow!0.00323391
pos0.151296 0.411914 0.332915 0.257315 0.260314
underflow!1.63592e-05
pos0.151296 0.411914 0.332915 0.257315 0.260314
underflow!0.00329763
pos0.0988941   0.46939  0.157721  0.126451  0.263386
underflow!4.79205e-08
pos0.189553 0.343886 0.256137 0.467754 0.581182
underflow!0.00309027
pos0.262366 0.553279   0.4953 0.117357 0.534891
underflow!2.73474e-05
pos0.392404 0.545619  0.31044 0.287741 0.305247
underflow!0.00286652
pos0.434783 0.417886 0.345674 0.304803 0.248421
underflow!7.04466e-06
pos0.155893 0.471454 0.169302 0.108592 0.282001
underflow!3.72545e-05
pos0.127326 0.311057 0.276447 0.176859  0.11551
underflow!0.00354211
pos0.328521 0.456923 0.279217 0.272809 0.390231
underflow!0.00160607
pos0.113233 0.369294 0.185129 0.185481 0.310616
underflow!0.00246233
pos0.173524  0.27792   0.2038 0.205605 0.512022
underflow!0.00398332
pos0.197852 0.331883 0.364427 0.204109 0.298661
underflow!3.64348e-05
pos0.312058 0.531062 0.440868 0.179155 0.432263
underflow!0.00109437
pos0.223271 0.423219 0.175852 0.171117 0.309904
underflow!0.00308313
pos0.136665 0.262217  0.19782 0.156497 0.352229
underflow!5.68147e-06
pos0.136665 0.262217  0.19782 0.156497 0.352229
underflow!0.000751623
pos0.225805 0.296394 0.408813 0.100675 0.335958
underflow!0.000717858
pos0.373872 0.504069  0.46393 0.228074  0.47131
underflow!0.000136276
pos0.485711 0.569516 0.402558 0.110956 0.399985
underflow!4.88619e-07
pos0.485711 0.569516 0.402558 0.110956 0.399985
underflow!0.000222516
pos 0.340472  0.308174  0.350637 0.0985419  0.469556
underflow!0.00482049
pos0.226179 0.352272 0.396072 0.138666 0.431042
overflow!
underflow!0.00160957
pos 0.137162  0.149429 0.0951635  0.343402  0.546186
underflow!0.00130105
pos0.166422 0.381076 0.175395 0.120806 0.267183
underflow!3.91596e-06
pos0.363191  0.45292 0.302835 0.175048 0.393569
underflow!0.00182157
pos0.329327 0.528273 0.612664 0.447198 0.411069
underflow!3.82762e-06
pos0.329327 0.528273 0.612664 0.447198 0.411069
underflow!0.00363808
pos0.382589 0.564297 0.402131 0.361941 0.271122
underflow!9.91744e-08
pos0.367089 0.443657 0.426786 0.279203  0.35808
underflow!7.19048e-13
pos0.318256  0.48135 0.302524 0.289213 0.489048
underflow!1.96818e-10
pos0.338767 0.459354 0.299364 0.302297  0.36038
underflow!0.00134906
pos0.263342 0.409504 0.349753 0.239619 0.315911
underflow!7.51461e-06
pos0.360955 0.282257 0.195568 0.179644 0.248763
underflow!0.00129737
pos0.284724 0.356419 0.473434 0.155524 0.325531
underflow!1.06315e-05
pos0.220498 0.516114 0.255931 0.108423 0.444667
GBMAT from blind PSO:

0.0471707  0.157628  0.437906  0.607584 0.0395102    165032
0.0471707  0.157628  0.437906  0.607584 0.0395102    165032
 0.206117  0.451497  0.312125  0.160834  0.366483   290.938
 0.206117  0.451497  0.312125  0.160834  0.366483   290.938
 0.208504  0.477348  0.336773   0.16044  0.364334    286.97
  0.21674  0.484354  0.331312  0.154238  0.368279   280.545

truk:  0.276782  0.837081  0.443217 0.0424412  0.304645
total difference b/w truk and final GBVEC0.157092

blind PSO FINISHED RUNNING IN 4 s TIME!
targeted PSO has started!
Updating Weight Matrix!
GBVEC AND COST: 0.21674 0.484354 0.331312 0.154238 0.368279  280.545
new wt mat:
    3.59672    -8.02857     1.38423   -0.344681    -1.12981 -0.00979279     1.28246   -0.172734     0.26883
   -8.02857     18.3626    -3.32093    0.759639     2.47804   0.0181862    -2.83096    0.381252   -0.576791
    1.38423    -3.32093    0.677274   -0.125857    -0.37791  0.00362373    0.459418  -0.0539472   0.0589522
  -0.344681    0.759639   -0.125857    0.296457      1.2903   0.0232769    -1.24946    0.193045   -0.377762
   -1.12981     2.47804    -0.37791      1.2903     5.85107    0.135893    -5.53689    0.911053      -1.863
-0.00979279   0.0181862  0.00362373   0.0232769    0.135893  0.00790797   -0.111998   0.0265675  -0.0657686
    1.28246    -2.83096    0.459418    -1.24946    -5.53689   -0.111998     5.30827   -0.843395     1.68224
  -0.172734    0.381252  -0.0539472    0.193045    0.911053   0.0265675   -0.843395    0.149883   -0.318095
    0.26883   -0.576791   0.0589522   -0.377762      -1.863  -0.0657686     1.68224   -0.318095    0.703379
underflow!0.00310273
pos 0.179779  0.589258  0.253774 0.0782035  0.349469
underflow!1.70166e-05
pos0.276032 0.511356 0.280143 0.181991 0.361957
underflow!0.00259699
pos0.564427 0.504456 0.340356 0.205665 0.361901
underflow!0.00497488
pos0.264854 0.483606  0.30965 0.190532 0.364171
underflow!0.00481646
pos0.111402 0.395892 0.327265 0.078475 0.364223
underflow!0.000209314
pos0.111402 0.395892 0.327265 0.078475 0.364223
underflow!1.23543e-13
pos0.0986682  0.189098  0.451178 0.0739297  0.364208
underflow!0.00358781
pos0.341221 0.493072 0.300931 0.160157 0.363962
underflow!0.000871598
pos0.341221 0.493072 0.300931 0.160157 0.363962
underflow!8.76315e-05
pos0.236497 0.477179 0.308225  0.18996 0.363949
underflow!2.23864e-05
pos0.477206 0.379139 0.350523  0.14772 0.363884
underflow!1.95744e-08
pos0.477206 0.379139 0.350523  0.14772 0.363884
underflow!0.00450599
pos0.707143 0.115967 0.720801 0.187834 0.363938
underflow!9.87216e-06
pos0.149616 0.183611 0.450614 0.189443 0.364067
Updating Weight Matrix!
GBVEC AND COST:0.236515 0.474336 0.308244 0.189277 0.363949 0.148575
new wt mat:
    3.85042    -8.80669     1.57378   -0.226053   -0.686458  -0.0100772    0.815707   -0.113016    0.175097
   -8.80669     20.5697    -3.83841     0.52738     1.64443   0.0253053    -1.93148    0.276807   -0.430918
    1.57378    -3.83841    0.799619  -0.0932975   -0.272867 0.000634165    0.338007  -0.0418658   0.0485407
  -0.226053     0.52738  -0.0932975    0.154726     0.73992   0.0178061   -0.682091    0.115021   -0.240748
  -0.686458     1.64443   -0.272867     0.73992     3.86845    0.144355    -3.39808    0.666591    -1.50524
 -0.0100772   0.0253053 0.000634165   0.0178061    0.144355   0.0143407   -0.102156   0.0362037  -0.0981139
   0.815707    -1.93148    0.338007   -0.682091    -3.39808   -0.102156     3.06382   -0.554672     1.20464
  -0.113016    0.276807  -0.0418658    0.115021    0.666591   0.0362037   -0.554672    0.130319   -0.313835
   0.175097   -0.430918   0.0485407   -0.240748    -1.50524  -0.0981139     1.20464   -0.313835    0.784556
underflow!0.00313372
pos  0.5368 0.452443 0.407148 0.135318 0.360594
underflow!0.00216026
pos0.207468 0.557392 0.331445 0.154254  0.36039
underflow!0.00146071
pos 0.27941 0.280719 0.432356 0.158453 0.360339
underflow!0.00370763
pos0.193719 0.561651 0.348502 0.154543 0.360306
underflow!0.00405243
pos0.192396 0.552797 0.355242 0.152268  0.36037
underflow!0.00297808
pos 0.24098 0.463817 0.338122 0.153558 0.360373
underflow!0.00407423
pos0.233563 0.481318  0.34656 0.153537 0.360373
underflow!0.000270536
pos0.373998 0.560842 0.223804 0.112926 0.360368
underflow!5.26561e-08
pos0.277535 0.554676  0.34207 0.156906  0.36037
underflow!0.00174249
pos0.334035  0.50742 0.337193  0.15404 0.360367
Updating Weight Matrix!
GBVEC AND COST: 0.238016  0.554998  0.346221  0.154096  0.360371 0.0557312
new wt mat:
    7.27335    -16.8235     3.07772   -0.590708    -2.12193  -0.0345779     2.28534   -0.338163     0.58728
   -16.8235     39.3673    -7.36297     1.37715     4.99673   0.0821052    -5.35941    0.800449    -1.39091
    3.07772    -7.36297     1.45741   -0.251043   -0.888058 -0.00813206    0.971762    -0.13645    0.217812
  -0.590708     1.37715   -0.251043    0.575461     2.89436   0.0809216    -2.59154    0.451142   -0.989777
   -2.12193     4.99673   -0.888058     2.89436      14.984     0.46888    -13.2121     2.39188    -5.36513
 -0.0345779   0.0821052 -0.00813206   0.0809216     0.46888   0.0224332   -0.389302   0.0839509   -0.204111
    2.28534    -5.35941    0.971762    -2.59154    -13.2121   -0.389302     11.7455    -2.08226     4.61536
  -0.338163    0.800449    -0.13645    0.451142     2.39188   0.0839509    -2.08226     0.39404   -0.900603
    0.58728    -1.39091    0.217812   -0.989777    -5.36513   -0.204111     4.61536   -0.900603     2.09299
underflow!0.00172723
pos0.231755 0.553097 0.351572 0.177452 0.357472
underflow!8.60926e-05
pos0.234279  0.53408 0.338408 0.161115 0.360722
underflow!0.00304327
pos0.239358  0.55307 0.344339  0.15349 0.356011
underflow!0.00407288
pos 0.341945  0.509732  0.401821 0.0997352  0.356011
Updating Weight Matrix!
GBVEC AND COST: 0.238364  0.557204  0.344307   0.15348  0.356011 0.0984197
new wt mat:
    7.24069    -16.7858     3.08163   -0.581031    -2.10373  -0.0359747     2.25566   -0.337464    0.591338
   -16.7858     39.3658    -7.38722     1.36425     5.00113   0.0866747    -5.33287     0.80622     -1.4164
    3.08163    -7.38722     1.46624   -0.252056   -0.906341 -0.00953627    0.982281   -0.140345    0.228866
  -0.581031     1.36425   -0.252056    0.557525     2.82815   0.0803379    -2.52142    0.441987   -0.974177
   -2.10373     5.00113   -0.906341     2.82815     14.7614    0.467713    -12.9632     2.36129    -5.31782
 -0.0359747   0.0866747 -0.00953627   0.0803379    0.467713   0.0224155   -0.387492   0.0837137    -0.20384
    2.25566    -5.33287    0.982281    -2.52142    -12.9632   -0.387492     11.4759    -2.04796     4.55916
  -0.337464     0.80622   -0.140345    0.441987     2.36129   0.0837137    -2.04796    0.389653   -0.893689
   0.591338     -1.4164    0.228866   -0.974177    -5.31782    -0.20384     4.55916   -0.893689     2.08304
underflow!0.000113959
pos0.275946 0.426156 0.344553 0.156045 0.355996
Updating Weight Matrix!
GBVEC AND COST: 0.242432   0.56185  0.344131  0.153647  0.355995 0.0979508
new wt mat:
   7.60845   -17.7123    3.28802  -0.596611   -2.20123 -0.0454007    2.33397  -0.363817   0.656515
  -17.7123    41.6862   -7.89885    1.41299    5.29099   0.110988   -5.57117   0.878299   -1.59239
   3.28802   -7.89885    1.57619  -0.264904  -0.977014 -0.0144865    1.04251  -0.156129   0.266751
 -0.596611    1.41299  -0.264904   0.580781    3.00451   0.091466   -2.65138   0.477096   -1.06573
  -2.20123    5.29099  -0.977014    3.00451    16.0125   0.543909   -13.9113    2.60843   -5.95206
-0.0454007   0.110988 -0.0144865   0.091466   0.543909  0.0274914  -0.446015  0.0996063  -0.244395
   2.33397   -5.57117    1.04251   -2.65138   -13.9113  -0.446015    12.1858   -2.23564    5.04418
 -0.363817   0.878299  -0.156129   0.477096    2.60843  0.0996063   -2.23564   0.439894   -1.02271
  0.656515   -1.59239   0.266751   -1.06573   -5.95206  -0.244395    5.04418   -1.02271    2.41291
underflow!0.000145493
pos0.245036 0.578184 0.352516 0.139882 0.356293
underflow!0.00231349
pos0.248582 0.580365 0.352503 0.139868 0.356293
underflow!0.00075104
pos0.253293   0.5826 0.352594 0.139887 0.356293
GBMAT after targeted PSO:
0.0471707  0.157628  0.437906  0.607584 0.0395102    165032
0.0471707  0.157628  0.437906  0.607584 0.0395102    165032
 0.206117  0.451497  0.312125  0.160834  0.366483   290.938
 0.206117  0.451497  0.312125  0.160834  0.366483   290.938
 0.208504  0.477348  0.336773   0.16044  0.364334    286.97
  0.21674  0.484354  0.331312  0.154238  0.368279   280.545
