PSO:1
blindpso+cost.est:
 0.232029
 0.880847
 0.486121
0.0632329
 0.260647
0.130381

PSO:2
igmme + cost.est:
 0.274598
 0.825618
   0.4418
0.0452239
 0.311372
0.000186533

w.mat   7.59411   -18.1522    3.61306  -0.272066  -0.462693  0.0272376   0.840742 -0.0657763 -0.0516743
  -18.1522    43.5725   -8.73645   0.611264   0.946214 -0.0638734   -1.85294   0.144155   0.147592
   3.61306   -8.73645    1.78506  -0.110136  -0.146036  0.0115994    0.32452 -0.0260907 -0.0323616
 -0.272066   0.611264  -0.110136    2.29193    13.1421   0.501488    -10.984    2.15462   -5.14426
 -0.462693   0.946214  -0.146036    13.1421    76.7576    3.13883   -63.5621    12.8888   -31.0778
 0.0272376 -0.0638734  0.0115994   0.501488    3.13883   0.171237   -2.51167    0.59635    -1.4825
  0.840742   -1.85294    0.32452    -10.984   -63.5621   -2.51167    52.8806   -10.5466    25.3054
-0.0657763   0.144155 -0.0260907    2.15462    12.8888    0.59635   -10.5466    2.28172   -5.56361
-0.0516743   0.147592 -0.0323616   -5.14426   -31.0778    -1.4825    25.3054   -5.56361    13.6308

GBMAT: 
   0.273609    0.843681    0.117377    0.112196    0.826325        6392
   0.235375     0.91138    0.532397   0.0729782     0.27528      34.399
   0.220135     0.90524    0.526282   0.0786204    0.256705     29.2738
   0.222641    0.882448    0.500057   0.0751759     0.27036     17.7134
   0.232029    0.880847    0.486121   0.0632329    0.260647     17.4052
   0.232029    0.880847    0.486121   0.0632329    0.260647    0.130381
   0.232029    0.880847    0.486121   0.0632329    0.260647    0.130381
   0.224827    0.870888    0.476762   0.0602516    0.250681   0.0836678
   0.224827    0.870888    0.476762   0.0602516    0.250681   0.0836678
   0.264906    0.810679    0.493753   0.0788226    0.414684   0.0770802
   0.232863    0.857381    0.484986   0.0646809    0.291732   0.0729121
   0.269283    0.820547    0.490199   0.0820918    0.399863   0.0491056
   0.245812    0.791491    0.465805   0.0871487    0.352749   0.0459994
   0.245832    0.791497    0.465804   0.0871391     0.35272    0.045716
   0.244119    0.790603    0.465125   0.0861823    0.349532   0.0432803
   0.241468    0.836993    0.472417   0.0671882    0.308932   0.0425108
   0.241468    0.836993    0.472417   0.0671882    0.308932   0.0425108
    0.26425     0.81876    0.479766   0.0759646    0.375038   0.0416674
   0.271364    0.832935    0.473957   0.0634614    0.359758   0.0299108
   0.268773    0.825112     0.44088   0.0606191    0.293096   0.0186926
   0.268156    0.821783    0.448355   0.0631749    0.313327   0.0143522
   0.268156    0.821783    0.448355   0.0631749    0.313327   0.0143522
   0.267415    0.819443    0.441043   0.0587863    0.299961   0.0120739
   0.268323    0.806153    0.431237    0.061322    0.296226   0.0119815
   0.266857    0.813299    0.434625   0.0562341    0.298381    0.011587
   0.267742    0.818723    0.439527   0.0555473    0.303307   0.0101902
   0.266843    0.820665    0.441588   0.0561054    0.302844   0.0098682
   0.266544    0.820616    0.441973   0.0560777    0.302665  0.00918666
   0.269064    0.818872    0.447773   0.0586036    0.319557  0.00843733
   0.267031     0.81604    0.444875   0.0531889    0.317205  0.00744782
   0.266728    0.818609    0.443258   0.0539187    0.309043  0.00679088
   0.267395    0.817136    0.444305   0.0532001    0.314311  0.00616094
   0.267395    0.817136    0.444305   0.0532001    0.314311   0.0145614
   0.270566    0.817668    0.442087   0.0527714    0.311958  0.00704057
   0.271098    0.828492    0.446759   0.0493037     0.31192   0.0068424
   0.271638    0.819344    0.441315   0.0540376    0.310696  0.00486176
   0.276587    0.821675    0.441916   0.0510725    0.318931  0.00447614
   0.276587    0.821675    0.441916   0.0510725    0.318931  0.00447614
   0.273883    0.821317    0.442829   0.0528261    0.315693  0.00309932
   0.274635    0.823138    0.442923   0.0509519    0.315448  0.00205891
   0.276054    0.824139    0.443291   0.0506076    0.315983   0.0014578
   0.276054    0.824257    0.443063   0.0505721    0.315823  0.00121741
   0.275958    0.824237    0.443083   0.0505516     0.31591  0.00121683
   0.275958    0.824237    0.443083   0.0505516     0.31591  0.00121683
   0.275814    0.824514    0.443372   0.0495865    0.315968 0.000896343
   0.274855    0.823209    0.443187   0.0481225    0.316515 0.000582685
   0.274855    0.823209    0.443187   0.0481225    0.316515 0.000899305
   0.275343    0.821413    0.441825    0.049394     0.31596  0.00077774
   0.275173    0.822166    0.442299    0.048939    0.315772 0.000776741
   0.275146    0.821243    0.441518   0.0489038    0.315916 0.000622098
   0.275177    0.821854    0.442031   0.0489208    0.315856 0.000621518
    0.27632    0.826219    0.443233   0.0467485    0.315839 0.000599903
   0.275693    0.823866    0.442576    0.047903    0.315789 0.000487141
   0.275693    0.823866    0.442576    0.047903    0.315789 0.000479151
   0.275234    0.823816    0.442001   0.0477188    0.314268 0.000436981
   0.275271    0.823687    0.442001   0.0476597    0.314471 0.000415246
   0.275276    0.823898    0.442115   0.0476314    0.314429 0.000403706
   0.275271    0.824072    0.442277   0.0476356    0.314435 0.000388068
   0.275201    0.824027    0.442244   0.0476213    0.314344 0.000386397
   0.275201    0.824027    0.442244   0.0476213    0.314344 0.000405506
   0.275116    0.823811     0.44225   0.0476347    0.314373 0.000405191
   0.275101    0.823849    0.442279   0.0476218    0.314389 0.000405103
   0.274344    0.824681    0.442273      0.0455    0.312962 0.000372909
    0.27454     0.82446    0.442279   0.0457964    0.313373 0.000326737
   0.274618     0.82446    0.442195   0.0457952    0.313372  0.00029263
   0.274881    0.824509    0.442146   0.0463468    0.313409 0.000274527
    0.27488    0.824509    0.442146   0.0463468    0.313409 0.000274455
   0.274879    0.824441    0.441943   0.0458698    0.313407 0.000270043
   0.274702     0.82429    0.441119   0.0460449    0.311591 0.000253084
   0.274695    0.824305     0.44125   0.0458205    0.311819 0.000253008
   0.274696    0.824305    0.441207    0.045863    0.311739 0.000251397
   0.274696    0.824305    0.441207    0.045863    0.311739 0.000251397
   0.274709    0.824402    0.441313    0.045859    0.311894 0.000238453
   0.274705    0.824406    0.441299   0.0458788    0.311895 0.000238262
   0.274652    0.825777    0.442093   0.0453116    0.311905 0.000211822
   0.274669     0.82531     0.44183   0.0455043     0.31189 0.000203208
   0.274665    0.825335    0.441845   0.0454919    0.311859 0.000200538
   0.274648    0.825394    0.441819   0.0455039    0.311723 0.000197827
   0.274654    0.825385     0.44182    0.045503    0.311731 0.000197027
   0.274659    0.825545    0.441821   0.0454982    0.311582 0.000195933
   0.274658    0.825507     0.44182   0.0454984    0.311613 0.000195026
    0.27465    0.825501    0.441818   0.0454926    0.311596 0.000193797
   0.274651    0.825503    0.441819   0.0454681    0.311585 0.000192228
   0.274651    0.825499    0.441819    0.045468    0.311581 0.000192125
   0.274651      0.8255    0.441819    0.045468    0.311581 0.000192119
   0.274631    0.825516     0.44182   0.0454575      0.3115 0.000191879
   0.274665    0.825547    0.441821   0.0454644    0.311541 0.000191343
   0.274656    0.825582    0.441793   0.0454625    0.311466 0.000190004
   0.274639    0.825554    0.441809   0.0453991    0.311521 0.000189873
   0.274628    0.825553    0.441815   0.0454069    0.311475 0.000189027
   0.274623    0.825553    0.441808   0.0453278    0.311481 0.000188859
   0.274623    0.825553    0.441808   0.0453278    0.311481 0.000188859
   0.274623    0.825553    0.441808   0.0453278    0.311481 0.000188859
   0.274603    0.825537     0.44181   0.0453122     0.31148  0.00018868
   0.274607    0.825544    0.441811   0.0453311    0.311485 0.000188316
   0.274607    0.825553    0.441811   0.0453054    0.311485 0.000188119
   0.274607    0.825557    0.441809   0.0453045    0.311488 0.000188104
   0.274599    0.825563      0.4418   0.0453028     0.31143 0.000186966
   0.274598    0.825618      0.4418   0.0452239    0.311372 0.000186533
CODE FINISHED RUNNING IN 3 s TIME!
