Reading in data!
csvPSO
params:13
csvData
nParts2:1
nSteps2:10
X_0:(5000,6)
Y_0:(5000,6)
moments:27
Using two part PSO Sample Size:5000 with:27 moments.
Using Times:0.5   2  10  20  30
Bounds for Uniform Distribution (0,1)
Blind PSO --> nParts:30 Nsteps:40
Targeted PSO --> nParts:1 Nsteps:10
sdbeta:0.1
Loading in Truk!
Calculating Yt!
truk cost:7.10166e+08
wt:
     2667.36      2.15937     -21415.2      413.925      0.46426      441.605      1408.36  -0.00015683     -2.71923     -9.64377   0.00032849     -10.3454      2018.61       85.944     -170.483    -0.339361     -184.825    0.0689752    -0.138051 -0.000155925    -0.148444      10.2792    0.0143647      10.6836    -0.310358     -20.0312   -0.0292363
     2.15937   0.00267233     -17.3981     0.167259 -0.000234241     0.182767      1.14725 -1.87169e-07  0.000667861   0.00520999  2.02821e-07   0.00543297      1.64742    0.0617984    -0.121331 -0.000156518    -0.132532  8.47071e-05 -0.000173295  -2.5095e-07 -0.000183327  -0.00390305 -2.74685e-05  -0.00393966 -6.55873e-05     0.010617  6.21308e-05
    -21415.2     -17.3981       582322      171.409      17.3615     -238.381     -40091.3   0.00370359     -1.01958     -15.0516  -0.00471099     -11.2217       -55433     -247.722       181.61     -5.79946      425.073    -0.193175     0.164758  -0.00721293     0.320841       10.545     0.174581      7.57754       8.3125     -25.1855    -0.259243
     413.925     0.167259      171.409      623.839      1.58339       635.26     -39.7776  1.07878e-05     -5.98869      -27.394  -0.00037617     -28.8108       -44.01      19.5939     -42.3577    -0.113077     -43.2522      0.00952   -0.0208019  -6.1031e-05   -0.0212076      25.6152    0.0586765      26.2712     0.111201     -56.1579    -0.127681
     0.46426 -0.000234241      17.3615      1.58339    0.0678673      1.13441     -1.19753  1.85689e-07  -0.00571501   -0.0473245 -2.31522e-05    -0.025149     -1.71032    0.0123823   -0.0524938  -0.00556033   -0.0333767  -1.1736e-05  6.12741e-06 -3.91531e-06   1.9513e-05     0.034256   0.00223681    0.0240201   0.00683862   -0.0716659  -0.00484311
     441.605     0.182767      -238.38       635.26      1.13441      656.766     -13.4135  8.10918e-06     -6.18832     -28.0224  0.000120741     -29.8243     -5.71587      20.4412     -43.7148    -0.101982     -45.0014   0.00998676   -0.0213996 -4.54396e-05   -0.0221493      26.3399    0.0504125       27.171    -0.169075     -57.8321    -0.110977
     1408.36      1.14725     -40091.3     -39.7776     -1.19753     -13.4135      2765.56 -0.000251533     0.321043      2.08317  0.000303116      1.91332      3817.73      14.3853     -7.03416     0.403136     -23.5252    0.0112604  -0.00729088  0.000493517   -0.0177267     -1.75084   -0.0127737     -1.59168    -0.541667      3.92328     0.019597
 -0.00015683 -1.87169e-07   0.00370359  1.07878e-05  1.85689e-07  8.10918e-06 -0.000251533  5.22537e-11 -5.13781e-08 -2.60698e-07 -6.81209e-12 -2.37847e-07 -0.000352929   1.2563e-07 -2.67356e-06   -8.557e-08 -1.12449e-06  7.60433e-11 -2.24059e-09 -8.92656e-11 -1.28089e-09  2.41431e-07  1.21116e-09  2.22872e-07  6.14031e-08 -4.92962e-07  -1.2863e-09
    -2.71923  0.000667861     -1.01958     -5.98869  -0.00571501     -6.18832     0.321043 -5.13781e-08    0.0651513      0.29552 -7.94934e-07     0.314738     0.364684    -0.137761     0.296118  0.000531279     0.303598  2.03573e-05 -4.20437e-05  1.06494e-07 -4.33521e-05    -0.277534 -0.000276113    -0.286397  0.000998969     0.610033  0.000606308
    -9.64377   0.00520999     -15.0516      -27.394   -0.0473245     -28.0224      2.08318 -2.60699e-07      0.29552      1.36422  1.00126e-06      1.42866      2.64583     -0.50639       1.1062   0.00275657      1.11957  0.000190772  -0.00039758  1.07209e-07 -0.000411189     -1.27002  -0.00217997     -1.29955   0.00426429      2.79233   0.00478729
  0.00032849  2.02821e-07  -0.00471099  -0.00037617 -2.31522e-05  0.000120741  0.000303116 -6.81209e-12 -7.94934e-07  1.00126e-06  5.70104e-08 -3.24469e-06  0.000458187  2.04916e-05 -3.98714e-05 -1.69476e-07 -4.12184e-05  1.26108e-08 -2.70097e-08 -7.31439e-10 -2.48623e-08  1.81097e-06 -5.08518e-09  3.24383e-06 -2.33685e-05 -6.06517e-06  -1.3602e-07
    -10.3454   0.00543297     -11.2217     -28.8108    -0.025149     -29.8243      1.91333 -2.37847e-07     0.314738      1.42866 -3.24469e-06      1.52765      2.35545    -0.538855      1.16328   0.00223371      1.19053   0.00020015 -0.000419338  3.31054e-07 -0.000434279     -1.34122  -0.00121754     -1.38681   0.00420096      2.95493   0.00267479
     2018.61      1.64742       -55433       -44.01     -1.71032     -5.71584      3817.73 -0.000352929     0.364683      2.64583  0.000458187      2.35544      5278.08      22.6567     -15.3023     0.557037     -38.4258    0.0179202    -0.014673  0.000689141   -0.0295012     -2.14331   -0.0188254     -1.89522    -0.793217      4.89579    0.0294804
      85.944    0.0617984     -247.722      19.5939    0.0123823      20.4412      14.3853   1.2563e-07    -0.137761     -0.50639  2.04916e-05    -0.538855      22.6567       3.7935     -7.93683  -0.00928803      -8.2792   0.00287297  -0.00607984 -6.90085e-06  -0.00632239     0.531034  0.000318797     0.548073   -0.0111714     -1.04704 -0.000671873
    -170.483    -0.121331       181.61     -42.3577   -0.0524938     -43.7148     -7.03416 -2.67356e-06     0.296118       1.1062 -3.98714e-05      1.16328     -15.3023     -7.93683      16.8364    0.0261408         17.4  -0.00600017    0.0128831  2.20783e-05     0.013274     -1.15076  -0.00123183     -1.18054     0.015568      2.27271   0.00253113
   -0.339361 -0.000156518     -5.79946    -0.113077  -0.00556033    -0.101982     0.403136   -8.557e-08  0.000531279   0.00275657 -1.69476e-07   0.00223371     0.557037  -0.00928803    0.0261408   0.00310926    0.0221414 -6.76262e-06  1.76193e-05   2.0644e-06  1.78381e-05  -0.00246746 -0.000101883  -0.00219035 -0.000351214   0.00500605  0.000181996
    -184.825    -0.132532      425.073     -43.2522   -0.0333767     -45.0014     -23.5252 -1.12449e-06     0.303598      1.11957 -4.12184e-05      1.19053     -38.4258      -8.2792         17.4    0.0221414      18.1038  -0.00626514    0.0133188  1.72117e-05    0.0138189     -1.17226 -0.000764723     -1.20931    0.0206402      2.31344   0.00157124
   0.0689752  8.47071e-05    -0.193175      0.00952  -1.1736e-05   0.00998676    0.0112604  7.60431e-11  2.03573e-05  0.000190772  1.26108e-08   0.00020015    0.0179202   0.00287297  -0.00600017 -6.76262e-06  -0.00626514   3.9138e-06 -8.29852e-06 -9.91719e-09 -8.60489e-06 -0.000133119 -1.22975e-06 -0.000135737 -2.32614e-06  0.000389602  2.74934e-06
   -0.138051 -0.000173295     0.164758   -0.0208019  6.12742e-06   -0.0213996  -0.00729088 -2.24059e-09 -4.20437e-05 -0.000397579 -2.70097e-08 -0.000419338    -0.014673  -0.00607984    0.0128831  1.76193e-05    0.0133188 -8.29852e-06  1.78035e-05  3.03216e-08  1.82956e-05  0.000275768  2.52444e-06  0.000282919 -3.66193e-06 -0.000814916 -5.71368e-06
-0.000155925  -2.5095e-07  -0.00721293  -6.1031e-05 -3.91531e-06 -4.54396e-05  0.000493517 -8.92656e-11  1.06494e-07  1.07209e-07 -7.31439e-10  3.31054e-07  0.000689141 -6.90085e-06  2.20783e-05   2.0644e-06  1.72117e-05 -9.91719e-09  3.03216e-08  2.43937e-09  2.39214e-08 -3.22025e-07  3.52207e-09 -3.90586e-07 -5.78165e-07  4.07438e-07 -3.67943e-08
   -0.148444 -0.000183327     0.320841   -0.0212076  1.95131e-05   -0.0221493   -0.0177267 -1.28089e-09 -4.33521e-05 -0.000411189 -2.48623e-08 -0.000434279   -0.0295012  -0.00632239     0.013274  1.78381e-05    0.0138189 -8.60489e-06  1.82956e-05  2.39214e-08  1.89598e-05  0.000285564  2.60161e-06  0.000292618  2.31199e-06 -0.000842906 -5.88146e-06
     10.2792  -0.00390305       10.545      25.6152     0.034256      26.3399     -1.75084  2.41431e-07    -0.277534     -1.27002  1.81097e-06     -1.34122     -2.14331     0.531034     -1.15076  -0.00246746     -1.17226 -0.000133119  0.000275768 -3.22025e-07  0.000285564      1.18749   0.00161411      1.22023  -0.00439356     -2.61055   -0.0035457
   0.0143647 -2.74685e-05     0.174581    0.0586765   0.00223681    0.0504125   -0.0127737  1.21116e-09 -0.000276113  -0.00217997 -5.08518e-09  -0.00121754   -0.0188254  0.000318797  -0.00123183 -0.000101883 -0.000764723 -1.22975e-06  2.52444e-06  3.52207e-09  2.60161e-06   0.00161411  0.000104567   0.00116149 -0.000255293  -0.00344076 -0.000230453
     10.6836  -0.00393966      7.57755      26.2712    0.0240201       27.171     -1.59168  2.22872e-07    -0.286397     -1.29955  3.24383e-06     -1.38681     -1.89522     0.548073     -1.18054  -0.00219035     -1.20931 -0.000135737  0.000282919 -3.90586e-07  0.000292618      1.22023   0.00116149      1.26044  -0.00411727     -2.68524  -0.00255105
   -0.310358 -6.55873e-05       8.3125     0.111201   0.00683862    -0.169075    -0.541667  6.14031e-08  0.000998969    0.0042643 -2.33685e-05   0.00420096    -0.793217   -0.0111714     0.015568 -0.000351214    0.0206402 -2.32613e-06 -3.66193e-06 -5.78165e-07  2.31199e-06  -0.00439356 -0.000255293  -0.00411727    0.0153977    0.0107684  0.000642797
    -20.0312     0.010617     -25.1856     -56.1579   -0.0716659     -57.8321      3.92328 -4.92963e-07     0.610033      2.79233 -6.06517e-06      2.95493       4.8958     -1.04704      2.27271   0.00500605      2.31344  0.000389602 -0.000814916  4.07438e-07 -0.000842906     -2.61055  -0.00344076     -2.68524    0.0107684      5.74573    0.0075707
  -0.0292363  6.21308e-05    -0.259243    -0.127681  -0.00484311    -0.110977     0.019597  -1.2863e-09  0.000606308   0.00478729  -1.3602e-07   0.00267479    0.0294804 -0.000671873   0.00253113  0.000181996   0.00157124  2.74934e-06 -5.71368e-06 -3.67943e-08 -5.88146e-06   -0.0035457 -0.000230453  -0.00255105  0.000642797    0.0075707   0.00050923

wt:
     21.7645    0.0321589        12.57     -7.39803     0.258617      -8.8071     0.263884 -5.67426e-06     0.487076     0.157247  8.55423e-05     0.226002    0.0620117     0.737652    -0.426476    0.0176483    -0.516285 -5.87464e-05  1.82571e-05 -1.74114e-05   1.4708e-05    -0.554323     0.022526     -0.66481   0.00878143     0.378452   -0.0148953
   0.0321589  0.000247501   0.00510377  -0.00301964  6.27046e-05  -0.00371158 -0.000159342 -3.76953e-08  0.000324141  0.000108083  1.45877e-07  0.000158334  4.11583e-05  6.76125e-05 -8.31591e-05 -7.06622e-05 -8.36823e-05  6.88252e-06 -3.88318e-06  2.29914e-08 -4.60837e-06  -0.00037513  1.41815e-05 -0.000454714  5.03909e-05  0.000262767 -9.14579e-06
       12.57   0.00510377      21.8822     -10.3404     0.378461     -12.2448     0.786753  9.94723e-07      1.12809     0.336611   1.9962e-05     0.486694    -0.276948      1.86214     -1.02199    0.0714121      -1.2363 -0.000286059  0.000129502 -1.38495e-05  0.000136074     -1.23232    0.0296778     -1.48221   -0.0365843     0.809618   -0.0199065
    -7.39803  -0.00301964     -10.3404      5.64572    -0.176236      6.68794    -0.402534  2.80077e-07    -0.522868    -0.158678 -2.81959e-05     -0.22858   0.00464202      -0.9265     0.507065   -0.0417755     0.615941  0.000351722 -0.000186964  2.04987e-06 -0.000206014     0.576182   -0.0128668     0.691707   0.00879822    -0.381174   0.00879534
    0.258617  6.27046e-05     0.378461    -0.176236     0.134348    -0.204271    0.0378032  1.28804e-07     0.056376     0.016547   -5.219e-05    0.0240453   -0.0045753    0.0921268   -0.0499849   0.00323796   -0.0605539  4.40364e-05 -2.48429e-05 -2.59226e-06 -3.00989e-05   -0.0610955    0.0227348     -0.07366   -0.0177866    0.0399305   -0.0142805
     -8.8071  -0.00371158     -12.2448      6.68794    -0.204271      7.93657    -0.466258  4.01041e-07    -0.605361    -0.183941 -4.94049e-05    -0.265059   0.00508866     -1.07295     0.587574   -0.0489566     0.713783  0.000425496 -0.000225596  4.06959e-06 -0.000251169     0.667512    -0.013865     0.801464   0.00747693    -0.441939   0.00957766
    0.263884 -0.000159342     0.786753    -0.402534    0.0378032    -0.466258     0.100657  3.88725e-07     0.133519    0.0393611 -1.93344e-05    0.0559092  -0.00357089     0.233493    -0.126134   0.00959023    -0.152051  0.000255768 -0.000139479  8.03736e-06 -0.000167127    -0.145001   0.00787552    -0.172821  -0.00962887    0.0938426  -0.00500905
-5.67426e-06 -3.76953e-08  9.94723e-07  2.80077e-07  1.28804e-07  4.01041e-07  3.88725e-07  1.36457e-11  4.68606e-07  1.36747e-07 -1.11474e-10  1.94804e-07 -1.33301e-07   8.4579e-07 -4.56055e-07 -2.11655e-08 -5.49774e-07  1.90878e-09 -1.04591e-09  8.94361e-12  -1.2608e-09 -5.06327e-07  2.19699e-08 -6.04339e-07 -3.83307e-08  3.26502e-07 -1.36692e-08
    0.487076  0.000324141      1.12809    -0.522868     0.056376    -0.605361     0.133519  4.68606e-07      0.18887    0.0554334 -3.00885e-05    0.0790391   -0.0144215     0.317686    -0.171928    0.0120796      -0.2069  0.000386772 -0.000211403  1.06193e-05 -0.000252064    -0.204648    0.0114625    -0.244389   -0.0146899       0.1324   -0.0072772
    0.157247  0.000108083     0.336611    -0.158678     0.016547    -0.183941    0.0393611  1.36747e-07    0.0554334    0.0162986 -8.51519e-06    0.0232188    -0.003891    0.0935108   -0.0506393   0.00354519   -0.0609306   0.00011322 -6.19208e-05  3.08647e-06 -7.38189e-05   -0.0601183   0.00335975   -0.0717609  -0.00421697    0.0389139  -0.00213343
 8.55423e-05  1.45877e-07   1.9962e-05 -2.81959e-05   -5.219e-05 -4.94049e-05 -1.93344e-05 -1.11474e-10 -3.00885e-05 -8.51519e-06  1.76568e-07 -1.27168e-05  2.39296e-06 -4.80583e-05  2.55886e-05 -2.79266e-06  3.13525e-05 -7.99301e-08  4.28144e-08 -7.03219e-09   5.2436e-08  3.20164e-05 -5.13331e-06  3.91374e-05  1.17391e-05 -2.08119e-05  3.16936e-06
    0.226002  0.000158334     0.486694     -0.22858    0.0240453    -0.265059    0.0559092  1.94804e-07    0.0790391    0.0232188 -1.27168e-05    0.0331345  -0.00576549     0.133022    -0.072018   0.00506082   -0.0867061  0.000161313 -8.81979e-05  4.42807e-06 -0.000105214   -0.0856807   0.00480675    -0.102363  -0.00613364    0.0554833  -0.00305312
   0.0620117  4.11583e-05    -0.276948   0.00464202   -0.0045753   0.00508866  -0.00357089 -1.33301e-07   -0.0144215    -0.003891  2.39296e-06  -0.00576549    0.0246075   -0.0129831   0.00744113  0.000574968   0.00857157 -2.89806e-05  1.74037e-05  9.88384e-07  1.96127e-05    0.0149767 -0.000490914    0.0182316   0.00172472  -0.00943997  0.000303662
    0.737652  6.76125e-05      1.86214      -0.9265    0.0921268     -1.07295     0.233493   8.4579e-07     0.317686    0.0935108 -4.80583e-05     0.133022   -0.0129831     0.547274    -0.295842    0.0218838    -0.356412  0.000627327 -0.000342265  1.87898e-05 -0.000409327    -0.344735    0.0190428     -0.41119   -0.0236479     0.223103   -0.0121025
   -0.426476 -8.31591e-05     -1.02199     0.507065   -0.0499849     0.587574    -0.126134 -4.56055e-07    -0.171928   -0.0506393  2.55886e-05    -0.072018   0.00744113    -0.295842     0.160007   -0.0117347     0.192725 -0.000340595  0.000185957 -1.00426e-05  0.000222285     0.186627   -0.0103046     0.222576    0.0126952    -0.120806   0.00654887
   0.0176483 -7.06622e-05    0.0714121   -0.0417755   0.00323796   -0.0489566   0.00959023 -2.11655e-08    0.0120796   0.00354519 -2.79266e-06   0.00506082  0.000574968    0.0218838   -0.0117347   0.00748739   -0.0142547  5.68274e-06  -2.9316e-06  4.59954e-06 -3.24823e-06   -0.0130899   0.00178802   -0.0156402   -0.0016401   0.00847432  -0.00115961
   -0.516285 -8.36823e-05      -1.2363     0.615941   -0.0605539     0.713783    -0.152051 -5.49774e-07      -0.2069   -0.0609306  3.13525e-05   -0.0867061   0.00857157    -0.356412     0.192725   -0.0142547     0.232238 -0.000407402   0.00022235 -1.21888e-05  0.000265995     0.224572   -0.0124185      0.26791    0.0153741    -0.145401   0.00789397
-5.87464e-05  6.88252e-06 -0.000286059  0.000351722  4.40364e-05  0.000425496  0.000255768  1.90878e-09  0.000386772   0.00011322 -7.99301e-08  0.000161313 -2.89806e-05  0.000627327 -0.000340595  5.68274e-06 -0.000407402  2.52154e-06 -1.37935e-06  4.63627e-08  -1.6276e-06 -0.000418528  1.90061e-05 -0.000499621 -2.39418e-05   0.00027033 -1.19807e-05
 1.82571e-05 -3.88318e-06  0.000129502 -0.000186964 -2.48429e-05 -0.000225596 -0.000139479 -1.04591e-09 -0.000211403 -6.19208e-05  4.28144e-08 -8.81979e-05  1.74037e-05 -0.000342265  0.000185957  -2.9316e-06   0.00022235 -1.37935e-06  7.55101e-07 -2.47698e-08  8.90597e-07  0.000228828  -1.0397e-05  0.000273126  1.29792e-05 -0.000147828  6.55321e-06
-1.74114e-05  2.29914e-08 -1.38495e-05  2.04987e-06 -2.59226e-06  4.06959e-06  8.03736e-06  8.94361e-12  1.06193e-05  3.08647e-06 -7.03219e-09  4.42807e-06  9.88384e-07  1.87898e-05 -1.00426e-05  4.59954e-06 -1.21888e-05  4.63627e-08 -2.47698e-08  6.68305e-09 -2.97986e-08 -1.14511e-05  1.36903e-06 -1.37172e-05 -1.40517e-06  7.39462e-06 -8.79375e-07
  1.4708e-05 -4.60837e-06  0.000136074 -0.000206014 -3.00989e-05 -0.000251169 -0.000167127  -1.2608e-09 -0.000252064 -7.38189e-05   5.2436e-08 -0.000105214  1.96127e-05 -0.000409327  0.000222285 -3.24823e-06  0.000265995  -1.6276e-06  8.90597e-07 -2.97986e-08  1.05194e-06   0.00027282 -1.24609e-05   0.00032574  1.56643e-05  -0.00017629  7.85358e-06
   -0.554323  -0.00037513     -1.23232     0.576182   -0.0610955     0.667512    -0.145001 -5.06327e-07    -0.204648   -0.0601183  3.20164e-05   -0.0856807    0.0149767    -0.344735     0.186627   -0.0130899     0.224572 -0.000418528  0.000228828 -1.14511e-05   0.00027282     0.221845   -0.0124137     0.264866    0.0157418    -0.143562   0.00788191
    0.022526  1.41815e-05    0.0296778   -0.0128668    0.0227348    -0.013865   0.00787552  2.19699e-08    0.0114625   0.00335975 -5.13331e-06   0.00480675 -0.000490914    0.0190428   -0.0103046   0.00178802   -0.0124185  1.90061e-05  -1.0397e-05  1.36903e-06 -1.24609e-05   -0.0124137   0.00508054   -0.0148507  -0.00361123   0.00804546  -0.00318818
    -0.66481 -0.000454714     -1.48221     0.691707     -0.07366     0.801464    -0.172821 -6.04339e-07    -0.244389   -0.0717609  3.91374e-05    -0.102363    0.0182316     -0.41119     0.222576   -0.0156402      0.26791 -0.000499621  0.000273126 -1.37172e-05   0.00032574     0.264866   -0.0148507     0.316369    0.0189889    -0.171438   0.00943048
  0.00878143  5.03909e-05   -0.0365843   0.00879822   -0.0177866   0.00747693  -0.00962887 -3.83307e-08   -0.0146899  -0.00421697  1.17391e-05  -0.00613364   0.00172472   -0.0236479    0.0126952   -0.0016401    0.0153741 -2.39418e-05  1.29792e-05 -1.40517e-06  1.56643e-05    0.0157418  -0.00361123    0.0189889   0.00370057   -0.0101722   0.00226468
    0.378452  0.000262767     0.809618    -0.381174    0.0399305    -0.441939    0.0938426  3.26502e-07       0.1324    0.0389139 -2.08119e-05    0.0554833  -0.00943997     0.223103    -0.120806   0.00847432    -0.145401   0.00027033 -0.000147828  7.39462e-06  -0.00017629    -0.143562   0.00804546    -0.171438   -0.0101722    0.0929482  -0.00510949
  -0.0148953 -9.14579e-06   -0.0199065   0.00879534   -0.0142805   0.00957766  -0.00500905 -1.36692e-08   -0.0072772  -0.00213343  3.16936e-06  -0.00305312  0.000303662   -0.0121025   0.00654887  -0.00115961   0.00789397 -1.19807e-05  6.55321e-06 -8.79375e-07  7.85358e-06   0.00788191  -0.00318818   0.00943048   0.00226468  -0.00510949   0.00200114

wt:
   0.0429765  0.000493951    0.0731576  -0.00596191       0.3455     0.356566 -2.07541e-05  -1.3671e-07  0.000830199  2.41508e-06  -0.00669328  4.27817e-05  -0.00113381  0.000678445 -1.36851e-05   -0.0574218 -0.000103979 -1.29929e-05  1.32977e-06  1.33362e-05  3.27012e-06 -0.000111081   -0.0678749  -0.00037084    -0.266017  1.81047e-05    0.0164504
 0.000493951  0.000227843  0.000531793  9.04565e-05  -0.00261009  0.000632839  -6.6539e-07 -4.84849e-08   6.0556e-05 -3.26153e-08 -2.25479e-05  2.96373e-06 -2.98957e-05    5.535e-05  5.45399e-08 -0.000441674 -9.90986e-06  2.80087e-07 -1.05207e-07  8.52803e-07 -2.65091e-07  -6.2835e-06  -0.00084323 -2.64686e-05 -0.000261634  8.62001e-07    0.0001982
   0.0731576  0.000531793     0.176028   -0.0112273     0.685518     0.688504 -6.26044e-07 -1.41887e-07 -3.45598e-05  6.90266e-06   -0.0129575 -4.47054e-06  -0.00536737 -0.000519265 -4.13706e-05   -0.0893957    0.0001151  -6.4734e-05  6.62258e-06  1.62182e-05  1.71583e-05 -6.38385e-05    -0.137299  2.92351e-05    -0.514321  1.31888e-05    0.0331453
 -0.00596191  9.04565e-05   -0.0112273   0.00112653   -0.0429901   -0.0452076  2.72229e-06  6.08913e-10 -0.000116378 -4.12795e-07  0.000831118  -5.7502e-06  0.000201153 -9.25543e-05  1.90052e-06    0.0088492  1.37611e-05  7.57033e-06  -8.7177e-07  1.83537e-07 -2.19203e-06  1.58339e-05    0.0124539  5.05111e-05    0.0338628 -2.67891e-06  -0.00296173
      0.3455  -0.00261009     0.685518   -0.0429901      53.8277      57.3705  0.000182689  3.28818e-06   -0.0207879  4.90837e-05     -1.02925  -0.00191888  -0.00163228    -0.020535 -0.000352091      -1.7898    0.0055771   0.00439387 -0.000478183   0.00462414  -0.00117073   0.00165466     -2.86845    0.0124543     -42.3137 -0.000480579     0.803577
    0.356566  0.000632839     0.688504   -0.0452076      57.3705      67.5241  0.000203598  2.88104e-06    -0.020671  5.23088e-05     -1.21434  -0.00205367  -0.00148137    -0.020512 -0.000376548     -2.03062   0.00584159   0.00577295 -0.000627056   0.00730889  -0.00154765   0.00162214     -3.18885    0.0128132     -49.7851 -0.000508895     0.910426
-2.07541e-05  -6.6539e-07 -6.26044e-07  2.72229e-06  0.000182689  0.000203598  1.45894e-07  5.33235e-10 -5.15619e-06  6.06099e-09 -4.16607e-06 -2.73117e-07   -1.665e-06 -5.10554e-06 -5.57801e-08  1.61031e-05  8.88391e-07 -3.77604e-08  3.20457e-09  1.24852e-08  7.70072e-09  4.87646e-07 -2.95879e-05  2.35422e-06 -0.000144873 -7.43615e-08  7.33219e-06
 -1.3671e-07 -4.84849e-08 -1.41887e-07  6.08913e-10  3.28818e-06  2.88104e-06  5.33235e-10  2.17645e-11 -4.52117e-08  2.87066e-11 -6.25007e-08 -2.32559e-09  9.53221e-09 -4.31435e-08 -2.07109e-10  2.31794e-07  7.71564e-09  7.72495e-10 -7.80385e-11  2.98823e-10  -2.3966e-10  4.52433e-09  3.80682e-07  2.03923e-08  -2.1709e-06 -7.07798e-10 -7.76467e-08
 0.000830199   6.0556e-05 -3.45598e-05 -0.000116378   -0.0207879    -0.020671 -5.15619e-06 -4.52117e-08  0.000485942 -2.96305e-07  0.000410605  2.64269e-05  1.08982e-05   0.00046669  2.28699e-06  -0.00100601 -8.43666e-05  6.04336e-06 -5.85615e-07 -3.61543e-07 -1.39381e-06 -4.83552e-05    0.0030592 -0.000224797     0.015017  8.07782e-06 -0.000754232
 2.41508e-06 -3.26153e-08  6.90266e-06 -4.12795e-07  4.90837e-05  5.23088e-05  6.06099e-09  2.87066e-11 -2.96305e-07  6.55662e-10 -9.92137e-07 -1.77833e-08 -2.40252e-07 -3.08548e-07 -4.71504e-09  -5.5526e-06  6.05285e-08 -8.27074e-09   8.4043e-10  1.17204e-09  2.02666e-09  2.51512e-08 -1.09116e-05  1.44209e-07 -3.82848e-05 -4.58965e-09  2.63217e-06
 -0.00669328 -2.25479e-05   -0.0129575  0.000831118     -1.02925     -1.21434 -4.16607e-06 -6.25007e-08  0.000410605 -9.92137e-07    0.0227665  3.84199e-05  2.43915e-05  0.000408854  7.20282e-06    0.0369959 -0.000112405 -0.000131682  1.43028e-05 -0.000151978  3.52536e-05 -3.29073e-05    0.0574641 -0.000246885     0.895455  9.71887e-06   -0.0164931
 4.27817e-05  2.96373e-06 -4.47054e-06  -5.7502e-06  -0.00191888  -0.00205367 -2.73117e-07 -2.32559e-09  2.64269e-05 -1.77833e-08  3.84199e-05  1.51889e-06  5.75904e-07  2.53637e-05  1.32339e-07  5.07149e-05  -4.7599e-06  4.79216e-07 -4.80494e-08 -3.51706e-08 -1.15161e-07 -2.61342e-06  0.000351576 -1.25284e-05   0.00148153  4.66856e-07 -8.56888e-05
 -0.00113381 -2.98957e-05  -0.00536737  0.000201153  -0.00163228  -0.00148137   -1.665e-06  9.53221e-09  1.08982e-05 -2.40252e-07  2.43915e-05  5.75904e-07  0.000343997  3.98583e-05  1.60414e-06  0.000867088 -7.33064e-06  2.93085e-06 -3.10883e-07  5.95814e-07 -7.36177e-07   1.0146e-06   0.00126758 -5.08022e-06   0.00127816   -4.123e-07 -0.000293236
 0.000678445    5.535e-05 -0.000519265 -9.25543e-05    -0.020535    -0.020512 -5.10554e-06 -4.31435e-08   0.00046669 -3.08548e-07  0.000408854  2.53637e-05  3.98583e-05  0.000451107  2.35933e-06 -0.000882346  -8.1554e-05  5.70929e-06 -5.50408e-07 -4.44023e-07 -1.30891e-06 -4.62274e-05    0.0030141  -0.00021584    0.0149337  7.69336e-06 -0.000743962
-1.36851e-05  5.45399e-08 -4.13706e-05  1.90052e-06 -0.000352091 -0.000376548 -5.57801e-08 -2.07109e-10  2.28699e-06 -4.71504e-09  7.20282e-06  1.32339e-07  1.60414e-06  2.35933e-06  3.69403e-08  3.26039e-05 -4.51637e-07  3.60397e-08 -3.39194e-09 -1.63312e-08 -8.06156e-09 -1.96825e-07  6.24463e-05 -1.09216e-06   0.00027598  3.38241e-08 -1.52915e-05
  -0.0574218 -0.000441674   -0.0893957    0.0088492      -1.7898     -2.03062  1.61031e-05  2.31794e-07  -0.00100601  -5.5526e-06    0.0369959  5.07149e-05  0.000867088 -0.000882346  3.26039e-05     0.297546 -0.000141475  0.000133803 -1.44925e-05   -7.623e-05 -3.53533e-05  0.000155692     0.430893  2.35889e-05      1.46495  2.11245e-05    -0.103717
-0.000103979 -9.90986e-06    0.0001151  1.37611e-05    0.0055771   0.00584159  8.88391e-07  7.71564e-09 -8.43666e-05  6.05285e-08 -0.000112405  -4.7599e-06 -7.33064e-06  -8.1554e-05 -4.51637e-07 -0.000141475  1.52468e-05  -1.2285e-06  1.20857e-07  1.51541e-07  2.87438e-07  8.31456e-06 -0.000967255  3.97428e-05  -0.00423355 -1.46016e-06  0.000236585
-1.29929e-05  2.80087e-07  -6.4734e-05  7.57033e-06   0.00439387   0.00577295 -3.77604e-08  7.72495e-10  6.04336e-06 -8.27074e-09 -0.000131682  4.79216e-07  2.93085e-06  5.70929e-06  3.60397e-08  0.000133803  -1.2285e-06  3.44833e-06  -3.7245e-07  1.83793e-06 -9.08448e-07 -5.47686e-07  0.000502887 -3.40997e-06  -0.00432664  1.47276e-07 -9.50901e-05
 1.32977e-06 -1.05207e-07  6.62258e-06  -8.7177e-07 -0.000478183 -0.000627056  3.20457e-09 -7.80385e-11 -5.85615e-07   8.4043e-10  1.43028e-05 -4.80494e-08 -3.10883e-07 -5.50408e-07 -3.39194e-09 -1.44925e-05  1.20857e-07  -3.7245e-07  4.02955e-08 -1.98215e-07  9.81741e-08   5.2709e-08 -5.31041e-05  3.36839e-07  0.000469845 -1.48047e-08  9.98262e-06
 1.33362e-05  8.52803e-07  1.62182e-05  1.83537e-07   0.00462414   0.00730889  1.24852e-08  2.98823e-10 -3.61543e-07  1.17204e-09 -0.000151978 -3.51706e-08  5.95814e-07 -4.44023e-07 -1.63312e-08   -7.623e-05  1.51541e-07  1.83793e-06 -1.98215e-07  2.13309e-06 -4.92435e-07  2.87787e-08 -2.11347e-05  1.77855e-07  -0.00541296 -1.30281e-09  2.75545e-05
 3.27012e-06 -2.65091e-07  1.71583e-05 -2.19203e-06  -0.00117073  -0.00154765  7.70072e-09  -2.3966e-10 -1.39381e-06  2.02666e-09  3.52536e-05 -1.15161e-07 -7.36177e-07 -1.30891e-06 -8.06156e-09 -3.53533e-05  2.87438e-07 -9.08448e-07  9.81741e-08 -4.92435e-07   2.4045e-07  1.24919e-07 -0.000134506   8.0513e-07   0.00115919 -3.52178e-08  2.54185e-05
-0.000111081  -6.2835e-06 -6.38385e-05  1.58339e-05   0.00165466   0.00162214  4.87646e-07  4.52433e-09 -4.83552e-05  2.51512e-08 -3.29073e-05 -2.61342e-06   1.0146e-06 -4.62274e-05 -1.96825e-07  0.000155692  8.31456e-06 -5.47686e-07   5.2709e-08  2.87787e-08  1.24919e-07  4.85363e-06 -0.000219363  2.23019e-05  -0.00117438 -8.07326e-07  5.44991e-05
  -0.0678749  -0.00084323    -0.137299    0.0124539     -2.86845     -3.18885 -2.95879e-05  3.80682e-07    0.0030592 -1.09116e-05    0.0574641  0.000351576   0.00126758    0.0030141  6.24463e-05     0.430893 -0.000967255  0.000502887 -5.31041e-05 -2.11347e-05 -0.000134506 -0.000219363     0.817128  -0.00217806      2.28743  0.000114872    -0.194588
 -0.00037084 -2.64686e-05  2.92351e-05  5.05111e-05    0.0124543    0.0128132  2.35422e-06  2.03923e-08 -0.000224797  1.44209e-07 -0.000246885 -1.25284e-05 -5.08022e-06  -0.00021584 -1.09216e-06  2.35889e-05  3.97428e-05 -3.40997e-06  3.36839e-07  1.77855e-07   8.0513e-07  2.23019e-05  -0.00217806  0.000105238  -0.00927014 -3.84953e-06  0.000531331
   -0.266017 -0.000261634    -0.514321    0.0338628     -42.3137     -49.7851 -0.000144873  -2.1709e-06     0.015017 -3.82848e-05     0.895455   0.00148153   0.00127816    0.0149337   0.00027598      1.46495  -0.00423355  -0.00432664  0.000469845  -0.00541296   0.00115919  -0.00117438      2.28743  -0.00927014      36.7173  0.000362083    -0.656764
 1.81047e-05  8.62001e-07  1.31888e-05 -2.67891e-06 -0.000480579 -0.000508895 -7.43615e-08 -7.07798e-10  8.07782e-06 -4.58965e-09  9.71887e-06  4.66856e-07   -4.123e-07  7.69336e-06  3.38241e-08  2.11245e-05 -1.46016e-06  1.47276e-07 -1.48047e-08 -1.30281e-09 -3.52178e-08 -8.07326e-07  0.000114872 -3.84953e-06  0.000362083  1.48535e-07 -2.75565e-05
   0.0164504    0.0001982    0.0331453  -0.00296173     0.803577     0.910426  7.33219e-06 -7.76467e-08 -0.000754232  2.63217e-06   -0.0164931 -8.56888e-05 -0.000293236 -0.000743962 -1.52915e-05    -0.103717  0.000236585 -9.50901e-05  9.98262e-06  2.75545e-05  2.54185e-05  5.44991e-05    -0.194588  0.000531331    -0.656764 -2.75565e-05    0.0467748

wt:
   0.0118511  0.000364495      0.03483 -0.000525746      1.56019      4.71245 -4.81023e-06 -5.59114e-08  0.000477606  3.35211e-07   -0.0477511  1.39132e-05  -0.00107053  0.000322887 -4.36504e-06   -0.0302297 -4.34937e-05  9.49954e-05 -5.27324e-06  0.000123859 -2.13582e-05 -3.44772e-05   -0.0371109 -0.000174573     -3.48509  5.54776e-06    0.0096798
 0.000364495  0.000835683   0.00164372   8.2529e-05   -0.0896987    0.0495807 -2.84793e-07 -2.25257e-07  0.000220496 -8.61423e-09     0.002107  7.58389e-06 -0.000387602  0.000173818  -8.6376e-08 -0.000390778 -3.26324e-05 -3.27525e-05  1.54695e-06 -1.14093e-05  6.61592e-06  -1.1342e-05  -0.00738686 -8.21308e-05   -0.0360301   1.9352e-06   0.00157337
     0.03483   0.00164372     0.466632  -0.00269615       3.9145      11.0361 -4.59737e-06 -8.69899e-07   0.00373317  1.59546e-06    -0.114302  0.000137407   -0.0356874 -0.000284049 -1.59201e-05   -0.0777379  9.45194e-05  0.000164467 -1.00099e-05  0.000163696 -3.15483e-05 -0.000235236    -0.188714  -0.00145567     -8.16607   4.2562e-05    0.0425839
-0.000525746   8.2529e-05  -0.00269615  0.000230958    0.0307972    0.0320913  2.78184e-07 -5.75998e-09 -2.30329e-05 -5.88685e-08  -0.00105874 -5.40129e-07   0.00012037  -1.0021e-05  1.69336e-07   0.00163119  8.92067e-07  9.56944e-06 -5.45086e-07  1.01629e-05 -2.25556e-06  1.81366e-06   0.00492007  6.87224e-06   -0.0235257 -3.50426e-07 -0.000983859
     1.56019   -0.0896987       3.9145    0.0307972      1088.82         3020  0.000283798  4.09854e-05    -0.274763  3.49774e-05     -33.1068   -0.0154443      0.10724    -0.253919  -0.00101481     -9.82633    0.0562191    0.0791021  -0.00427198     0.100502   -0.0175487    0.0123821     -7.13116     0.125987     -2233.54  -0.00225774      2.79979
     4.71245    0.0495807      11.0361    0.0320913         3020      9854.56  0.000562503   4.3927e-05    -0.360431  0.000108442     -97.2541   -0.0263168    0.0258188     -0.35543  -0.00300516      -29.923     0.092519     0.233935    -0.012665     0.361009   -0.0525127    0.0138693     -8.66972     0.180025     -7287.34   -0.0022942       6.7387
-4.81023e-06 -2.84793e-07 -4.59737e-06  2.78184e-07  0.000283798  0.000562503  1.86338e-08  1.94968e-10 -3.29942e-06  9.05419e-11 -8.91961e-06 -1.45716e-07  2.40317e-07 -3.12949e-06 -2.55138e-09  3.94682e-07  5.88252e-07  2.32263e-08 -1.36985e-09  7.05655e-09  -5.5904e-09  1.72901e-07 -1.92464e-05  1.38798e-06 -0.000415627 -3.19577e-08  4.13062e-06
-5.59114e-08 -2.25257e-07 -8.69899e-07 -5.75998e-09  4.09854e-05   4.3927e-05  1.94968e-10  1.31908e-10 -1.75173e-07  2.89487e-12 -9.40315e-07 -7.18996e-09  1.49182e-07 -1.56329e-07 -4.16651e-11 -5.41822e-08  2.96213e-08  1.09401e-08 -5.56769e-10 -2.27514e-09 -2.60396e-09  9.18692e-09  3.23549e-06  7.09619e-08  -3.2634e-05 -1.68278e-09 -6.13005e-07
 0.000477606  0.000220496   0.00373317 -2.30329e-05    -0.274763    -0.360431 -3.29942e-06 -1.75173e-07   0.00417445 -4.50364e-08   0.00611748  0.000185924  -0.00112991   0.00380156  8.19682e-07   0.00101799 -0.000719646  5.48493e-05 -2.89176e-06  4.15502e-05  -1.1295e-05 -0.000217862    0.0286807  -0.00176375       0.2675  4.08634e-05  -0.00581156
 3.35211e-07 -8.61423e-09  1.59546e-06 -5.88685e-08  3.49774e-05  0.000108442  9.05419e-11  2.89487e-12 -4.50364e-08  2.84333e-11 -9.95287e-07 -2.57967e-09 -6.59283e-08 -5.04871e-08 -2.27099e-10 -1.37399e-06  1.07325e-08 -1.22329e-09  6.53217e-11 -6.48702e-10  2.70933e-10  1.88051e-09 -3.25458e-06  2.17583e-08 -8.01872e-05 -4.49308e-10   7.0176e-07
  -0.0477511     0.002107    -0.114302  -0.00105874     -33.1068     -97.2541 -8.91961e-06 -9.40315e-07   0.00611748 -9.95287e-07      1.10701  0.000359123  -0.00223691   0.00576923   3.1057e-05     0.302614   -0.0013406  -0.00314454  0.000169613   -0.0047524  0.000700358 -0.000267936     0.111022  -0.00282252      71.9242  4.70354e-05   -0.0681413
 1.39132e-05  7.58389e-06  0.000137407 -5.40129e-07   -0.0154443   -0.0263168 -1.45716e-07 -7.18996e-09  0.000185924 -2.57967e-09  0.000359123  8.34537e-06 -4.92166e-05   0.00016939  4.24774e-08  0.000111535 -3.21406e-05  2.70151e-06 -1.41996e-07  1.97151e-06 -5.59734e-07 -9.68323e-06   0.00148139 -7.88175e-05     0.019497  1.82242e-06 -0.000304664
 -0.00107053 -0.000387602   -0.0356874   0.00012037      0.10724    0.0258188  2.40317e-07  1.49182e-07  -0.00112991 -6.59283e-08  -0.00223691 -4.92166e-05   0.00366211 -0.000679311  5.08412e-07  0.000673697  0.000128342   9.8245e-08  4.95007e-08 -1.06904e-05   3.9955e-08  5.92467e-05  -0.00516528  0.000472263   -0.0195716 -1.11469e-05  0.000983068
 0.000322887  0.000173818 -0.000284049  -1.0021e-05    -0.253919     -0.35543 -3.12949e-06 -1.56329e-07   0.00380156 -5.04871e-08   0.00576923   0.00016939 -0.000679311   0.00350233  8.48643e-07   0.00108341 -0.000663032  4.85606e-05  -2.5443e-06  3.67034e-05 -9.94485e-06 -0.000198378    0.0261483  -0.00160648       0.2637  3.71975e-05   -0.0053191
-4.36504e-06  -8.6376e-08 -1.59201e-05  1.69336e-07  -0.00101481  -0.00300516 -2.55138e-09 -4.16651e-11  8.19682e-07 -2.27099e-10   3.1057e-05  4.24774e-08  5.08412e-07  8.48643e-07  3.32906e-09  1.82803e-05 -1.75691e-07 -5.71039e-08  3.18425e-09 -7.27085e-08  1.30432e-08 -3.75888e-08  2.64893e-05 -3.70486e-07   0.00222224   7.8098e-09 -6.76333e-06
  -0.0302297 -0.000390778   -0.0777379   0.00163119     -9.82633      -29.923  3.94682e-07 -5.41822e-08   0.00101799 -1.37399e-06     0.302614  0.000111535  0.000673697   0.00108341  1.82803e-05     0.184918 -0.000367124 -0.000603914  3.29761e-05  -0.00076534  0.000134381 -1.75802e-05     0.253193 -0.000704671      22.1225  1.23066e-05   -0.0652193
-4.34937e-05 -3.26324e-05  9.45194e-05  8.92067e-07    0.0562191     0.092519  5.88252e-07  2.96213e-08 -0.000719646  1.07325e-08   -0.0013406 -3.21406e-05  0.000128342 -0.000663032 -1.75691e-07 -0.000367124  0.000125708 -8.80657e-06  4.60698e-07 -6.36959e-06  1.79596e-06  3.75236e-05  -0.00515235  0.000304437   -0.0685748 -7.04706e-06   0.00105981
 9.49954e-05 -3.27525e-05  0.000164467  9.56944e-06    0.0791021     0.233935  2.32263e-08  1.09401e-08  5.48493e-05 -1.22329e-09  -0.00314454  2.70151e-06   9.8245e-08  4.85606e-05 -5.71039e-08 -0.000603914 -8.80657e-06  2.69672e-05 -1.45789e-06  2.14141e-05  -5.8989e-06 -2.78693e-06   0.00199199 -2.48199e-05    -0.173017  5.67076e-07 -0.000263641
-5.27324e-06  1.54695e-06 -1.00099e-05 -5.45086e-07  -0.00427198    -0.012665 -1.36985e-09 -5.56769e-10 -2.89176e-06  6.53217e-11  0.000169613 -1.41996e-07  4.95007e-08  -2.5443e-06  3.18425e-09  3.29761e-05  4.60698e-07 -1.45789e-06  7.89603e-08 -1.14376e-06  3.18876e-07  1.46935e-07 -0.000101984  1.30691e-06   0.00936693 -2.99103e-08  1.30761e-05
 0.000123859 -1.14093e-05  0.000163696  1.01629e-05     0.100502     0.361009  7.05655e-09 -2.27514e-09  4.15502e-05 -6.48702e-10   -0.0047524  1.97151e-06 -1.06904e-05  3.67034e-05 -7.27085e-08  -0.00076534 -6.36959e-06  2.14141e-05 -1.14376e-06  4.37503e-05 -4.78711e-06 -2.14072e-06   0.00234555 -1.86696e-05    -0.266946  4.43432e-07 -0.000300186
-2.13582e-05  6.61592e-06 -3.15483e-05 -2.25556e-06   -0.0175487   -0.0525127  -5.5904e-09 -2.60396e-09  -1.1295e-05  2.70933e-10  0.000700358 -5.59734e-07   3.9955e-08 -9.94485e-06  1.30432e-08  0.000134381  1.79596e-06  -5.8989e-06  3.18876e-07 -4.78711e-06  1.29461e-06  5.71347e-07 -0.000461402  5.13456e-06    0.0388369 -1.16768e-07  6.19006e-05
-3.44772e-05  -1.1342e-05 -0.000235236  1.81366e-06    0.0123821    0.0138693  1.72901e-07  9.18692e-09 -0.000217862  1.88051e-09 -0.000267936 -9.68323e-06  5.92467e-05 -0.000198378 -3.75888e-08 -1.75802e-05  3.75236e-05 -2.78693e-06  1.46935e-07 -2.14072e-06  5.71347e-07  1.13897e-05  -0.00139163  9.19588e-05   -0.0103047 -2.13412e-06  0.000280358
  -0.0371109  -0.00738686    -0.188714   0.00492007     -7.13116     -8.66972 -1.92464e-05  3.23549e-06    0.0286807 -3.25458e-06     0.111022   0.00148139  -0.00516528    0.0261483  2.64893e-05     0.253193  -0.00515235   0.00199199 -0.000101984   0.00234555 -0.000461402  -0.00139163      1.56296   -0.0131482      6.40926   0.00029013    -0.311031
-0.000174573 -8.21308e-05  -0.00145567  6.87224e-06     0.125987     0.180025  1.38798e-06  7.09619e-08  -0.00176375  2.17583e-08  -0.00282252 -7.88175e-05  0.000472263  -0.00160648 -3.70486e-07 -0.000704671  0.000304437 -2.48199e-05  1.30691e-06 -1.86696e-05  5.13456e-06  9.19588e-05   -0.0131482   0.00074646    -0.133514   -1.728e-05   0.00267258
    -3.48509   -0.0360301     -8.16607   -0.0235257     -2233.54     -7287.34 -0.000415627  -3.2634e-05       0.2675 -8.01872e-05      71.9242     0.019497   -0.0195716       0.2637   0.00222224      22.1225   -0.0685748    -0.173017   0.00936693    -0.266946    0.0388369   -0.0103047      6.40926    -0.133514      5388.91   0.00170397     -4.98263
 5.54776e-06   1.9352e-06   4.2562e-05 -3.50426e-07  -0.00225774   -0.0022942 -3.19577e-08 -1.68278e-09  4.08634e-05 -4.49308e-10  4.70354e-05  1.82242e-06 -1.11469e-05  3.71975e-05   7.8098e-09  1.23066e-05 -7.04706e-06  5.67076e-07 -2.99103e-08  4.43432e-07 -1.16768e-07 -2.13412e-06   0.00029013   -1.728e-05   0.00170397  4.01854e-07 -5.81311e-05
   0.0096798   0.00157337    0.0425839 -0.000983859      2.79979       6.7387  4.13062e-06 -6.13005e-07  -0.00581156   7.0176e-07   -0.0681413 -0.000304664  0.000983068   -0.0053191 -6.76333e-06   -0.0652193   0.00105981 -0.000263641  1.30761e-05 -0.000300186  6.19006e-05  0.000280358    -0.311031   0.00267258     -4.98263 -5.81311e-05    0.0647689

wt:
  0.00898297  0.000788648    0.0449786 -5.34486e-05      2.12753      10.8704 -3.97898e-06 -1.51385e-07 -4.95323e-05  1.46818e-07   -0.0760503 -9.90591e-06  -0.00233132 -0.000335882 -3.18844e-06    -0.024208  7.82604e-05 -0.000109231  3.74216e-06 -2.03621e-05  2.15058e-05 -7.28508e-06   -0.0203502  5.36571e-05     -8.03752  8.95465e-07   0.00543779
 0.000788648   0.00401113   0.00752387 -1.71037e-05    -0.611915      1.98441 -9.87712e-07  -1.1412e-06 -0.000244337   1.4943e-08    0.0126024 -2.59756e-05  -0.00208625 -0.000434415 -1.68009e-07  -0.00143239  8.47935e-05 -0.000345986  1.14797e-05 -3.45528e-05  6.82406e-05  9.11812e-06    -0.054869  0.000178082     -1.46429  -2.1115e-06    0.0116846
   0.0449786   0.00752387      4.16687  -0.00449966      4.44897      16.7813 -5.42899e-06 -2.40139e-06   0.00750261  2.13287e-06    -0.116438  0.000175879    -0.371426   -0.0394858   -2.031e-05   -0.0997524   0.00753523 -0.000173067 -2.74383e-06  -0.00137967  5.14581e-05 -0.000327148    -0.792132  -0.00234933     -12.4389  6.00554e-05      0.15718
-5.34486e-05 -1.71037e-05  -0.00449966  0.000221459     0.312543      1.03629  1.59965e-07   7.0732e-10  8.76713e-05 -4.63733e-08   -0.0112387  4.65309e-06  0.000355168  0.000129504 -2.93812e-08  8.38035e-05 -2.45299e-05  2.41957e-05 -8.64814e-07   2.9143e-05 -4.98897e-06 -2.73945e-06   0.00996147 -4.13482e-05    -0.766003  5.32681e-07  -0.00195696
