Reading in data!
csvPSO
params:8
csvData
nParts1:1500
nSteps1:10
nParts2:20
nSteps2:1500
X_0:(5000,3)
Y_0:(5000,3)
moments:9
times:3

nparts:1500
Loading in Truk!
truk: 0.276782  0.837081  0.443217 0.0424412  0.304645
Calculating Yt!
with evolution matrix:
 0.59814 0.515134 0.293987
0.265857 0.264081 0.219539
0.136002 0.220785 0.486475
sanity check:
XtmVec:12.3401 6.93084 9.06396 93.0828 33.0761  97.702 54.3603 77.9021 52.0477
YtmVec:12.4509  6.9795 9.06247 93.9797 31.9488 84.5102 53.8117 72.7715 47.3049
cost:225.232
seedk:0.312389 0.672897 0.672441 0.580401 0.155647| cost:19036
XtmVec:13.7966 11.8364 2.70191 138.141 100.233 6.97378 117.622 30.2867 25.6578
YtmVec:12.4509  6.9795 9.06247 93.9797 31.9488 84.5102 53.8117 72.7715 47.3049
PSO begins!
underflow!0.00312417
pos0.00312417   0.286565  0.0202891   0.613329   0.518514
underflow!0.00099215
pos  0.924279   0.455451 0.00099215   0.124562   0.870039
overflow!
underflow!0.000614272
pos   0.837404 0.000614272    0.124505       0.559   0.0122212
overflow!
overflow!
overflow!
overflow!
overflow!
underflow!0.00252376
pos  0.781482   0.737409   0.797055   0.234778 0.00252376
underflow!0.00470246
pos  0.121673   0.102624   0.255788 0.00470246   0.965339
overflow!
overflow!
overflow!
underflow!0.00100293
pos0.00100293   0.828107   0.952874   0.540234   0.735275
overflow!
overflow!
underflow!0.00471241
pos 0.0424306   0.684349   0.190914   0.766218 0.00471241
underflow!0.00427175
pos  0.168159 0.00427175   0.917621   0.685826   0.182551
overflow!
underflow!0.00454836
pos  0.697549   0.461836 0.00454836   0.887632    0.26104
underflow!0.000935784
pos   0.587018 0.000935784    0.349445   0.0796409     0.20265
underflow!0.00364685
pos  0.462794   0.201378 0.00364685   0.858796   0.918762
overflow!
underflow!0.00486848
pos  0.413014 0.00486848   0.355365   0.912461   0.982909
underflow!0.00189246
pos  0.739616   0.211171 0.00189246   0.691616  0.0595336
overflow!
overflow!
overflow!
underflow!0.00226567
pos  0.528942 0.00226567   0.314896    0.38371    0.29656
overflow!
overflow!
underflow!0.0024086
pos  0.49764  0.751655  0.946148 0.0024086  0.779333
overflow!
overflow!
underflow!0.00482388
pos  0.683282   0.829895   0.116392   0.763748 0.00482388
GBMAT from blind PSO:

 0.312389  0.672897  0.672441  0.580401  0.155647     19036
 0.312389  0.672897  0.672441  0.580401  0.155647     19036
 0.226953  0.433176  0.245437  0.137567   0.34683   129.545
 0.226953  0.433176  0.245437  0.137567   0.34683   129.545
 0.226953  0.433176  0.245437  0.137567   0.34683   129.545
 0.258798  0.482549  0.283737  0.116463    0.3643   89.0681
 0.264874  0.642233  0.349093 0.0799741  0.297921   82.5184
 0.264874  0.642233  0.349093 0.0799741  0.297921   82.5184
  0.26072  0.602606  0.338753 0.0934853  0.312309   81.9623
 0.261916  0.631546  0.351758 0.0867262  0.305292   81.2694
 0.258366  0.620507  0.352182 0.0934732  0.312351   81.0576

truk:  0.276782  0.837081  0.443217 0.0424412  0.304645
total difference b/w truk and final GBVEC0.0581943

targeted PSO has started!
GBVEC AND COST: 0.258366  0.620507  0.352182 0.0934732  0.312351   81.0576
means:-0.0749429
 -0.141472
  0.374403
  -4.40384
   -5.5358
   4.41027
  -6.01131
 -0.962082
  -2.90256
before inversion:
    189.302     110.923     150.541     11419.4     4247.21     10651.6     6895.25     10032.3     6444.36
    110.923     67.4255     99.4367     6980.75     2741.28     7493.55     4336.21     6690.82     4380.15
    150.541     99.4367     173.396       10396     4538.87     14395.4     6836.55     11780.6     7955.64
    11419.4     6980.75       10396 1.12965e+06      474366 1.43663e+06      725281 1.18893e+06      803123
    4247.21     2741.28     4538.87      474366      213666      702640      316456      553743      381267
    10651.6     7493.55     14395.4 1.43663e+06      702640 2.52997e+06 1.00354e+06 1.89173e+06 1.32917e+06
    6895.25     4336.21     6836.55      725281      316456 1.00354e+06      475463      808118      551710
    10032.3     6690.82     11780.6 1.18893e+06      553743 1.89173e+06      808118 1.45968e+06 1.01297e+06
    6444.36     4380.15     7955.64      803123      381267 1.32917e+06      551710 1.01297e+06      706506
after inv wt:
    7.3439   -17.5632    3.70886  0.0418168    1.07095  0.0591084  -0.547419   0.140352  -0.510293
  -17.5632    42.3611   -9.05893 -0.0454796   -2.25897  -0.128369    1.04522  -0.276681    1.09232
   3.70886   -9.05893    1.99479 -0.0247119   0.272866  0.0165808 -0.0500083  0.0152073  -0.133237
 0.0418168 -0.0454796 -0.0247119   0.557316    3.10991   0.126676   -2.64273   0.548376   -1.27248
   1.07095   -2.25897   0.272866    3.10991    17.5812   0.732317   -14.8405     3.1079   -7.26654
 0.0591084  -0.128369  0.0165808   0.126676   0.732317  0.0326159   -0.61098   0.131457  -0.311852
 -0.547419    1.04522 -0.0500083   -2.64273   -14.8405   -0.61098    12.5706   -2.62057    6.10234
  0.140352  -0.276681  0.0152073   0.548376     3.1079   0.131457   -2.62057   0.553853    -1.2953
 -0.510293    1.09232  -0.133237   -1.27248   -7.26654  -0.311852    6.10234    -1.2953    3.04582
Updated Weight Matrix!
underflow!0.0010428
pos 0.315531  0.905285  0.238028 0.0010428  0.248257
underflow!0.00499157
pos  0.154462   0.782753   0.422826 0.00499157   0.306972
underflow!0.00488009
pos  0.279745   0.889773   0.296907 0.00488009   0.266161
underflow!0.0013895
pos 0.261293  0.785668  0.399327 0.0013895  0.397806
underflow!0.00460685
pos  0.321907   0.913883   0.581701 0.00460685  0.0618605
GBVEC AND COST:  0.261545   0.762332   0.397708  0.0520836   0.279057 0.00816815
means:-0.0683273
 0.0200329
  0.206282
  -3.16769
  -1.19276
  -7.81748
  -1.65733
  -2.28746
  -2.60688
before inversion:
    188.272     108.631      149.79     11020.3     3995.25     10973.6     6556.74     9763.28     6274.97
    108.631     65.3315     99.3458     6633.93     2567.78     7854.63     4082.05     6541.38     4304.71
     149.79     99.3458     182.788     10109.5     4467.94       16289     6679.29     12250.3     8375.16
    11020.3     6633.93     10109.5 1.00685e+06      415976 1.43402e+06      639248 1.09151e+06      743236
    3995.25     2567.78     4467.94      415976      188855      728877      277929      519543      362997
    10973.6     7854.63       16289 1.43402e+06      728877 3.15358e+06 1.02076e+06 2.10543e+06 1.51062e+06
    6556.74     4082.05     6679.29      639248      277929 1.02076e+06      417135      748822      517262
    9763.28     6541.38     12250.3 1.09151e+06      519543 2.10543e+06      748822 1.46114e+06 1.03186e+06
    6274.97     4304.71     8375.16      743236      362997 1.51062e+06      517262 1.03186e+06      733426
after inv wt:
    19.5068    -46.8734     9.53047     1.03005     7.50377    0.174183    -5.60393    0.858836    -2.37309
   -46.8734     113.005    -23.0829    -1.85348    -14.3228   -0.262818     10.4191      -1.432     4.17625
    9.53047    -23.0829     4.76613    0.169881     1.66852 -0.00137553    -1.09961   0.0716512   -0.320901
    1.03005    -1.85348    0.169881     8.35522     50.2717     2.19953    -41.0465      8.6461    -21.0937
    7.50377    -14.3228     1.66852     50.2717     303.317     13.3837    -247.313     52.3176    -127.815
   0.174183   -0.262818 -0.00137552     2.19953     13.3837     0.61517    -10.8663     2.34814    -5.75991
   -5.60393     10.4191    -1.09961    -41.0465    -247.313    -10.8663     201.789    -42.5963     103.993
   0.858836      -1.432   0.0716513      8.6461     52.3176     2.34814    -42.5963     9.09243     -22.242
   -2.37309     4.17625   -0.320901    -21.0937    -127.815    -5.75991     103.993     -22.242     54.4486
Updated Weight Matrix!
underflow!0.00405937
pos  0.279503   0.720313    0.35642 0.00405937   0.290155
underflow!0.00389633
pos  0.358313   0.721537   0.356755 0.00389633   0.235256
GBVEC AND COST: 0.264494  0.774838  0.414224 0.0528592  0.300135 0.0133619
means:  0.107624
 0.0446173
0.00574707
   3.69949
 -0.562835
  -13.2005
  0.750301
  -4.01766
  -4.34134
before inversion:
      185.8     107.754     150.606     10818.9     3954.79     11066.7     6466.41     9750.63     6278.98
    107.754     65.0375     99.8977      6542.3     2547.39     7918.04     4039.12     6538.79     4308.79
    150.606     99.8977     184.573     10096.7     4470.23     16512.1      6677.2     12326.6     8433.77
    10818.9      6542.3     10096.7      984818      409291 1.43676e+06      627415 1.08335e+06      738519
    3954.79     2547.39     4470.23      409291      186327      730836      273903      516520      361105
    11066.7     7918.04     16512.1 1.43676e+06      730836 3.21359e+06 1.02309e+06 2.12679e+06 1.52676e+06
    6466.41     4039.12      6677.2      627415      273903 1.02309e+06      410399      743930      514301
    9750.63     6538.79     12326.6 1.08335e+06      516520 2.12679e+06      743930 1.46333e+06 1.03401e+06
    6278.98     4308.79     8433.77      738519      361105 1.52676e+06      514301 1.03401e+06      735330
after inv wt:
   23.9329    -57.264    11.4775   0.754389    5.98208  0.0445178   -4.30866    0.44466   -1.39995
   -57.264    137.385   -27.6423   -1.09898   -10.1841  0.0569061     6.8845  -0.375668    1.70091
   11.4775   -27.6423    5.61219 0.00468994   0.790148 -0.0598318  -0.337161  -0.135316   0.157187
  0.754389   -1.09898 0.00469008    14.2034     84.159    3.58081    -69.222    14.3609   -34.8078
   5.98209   -10.1841   0.790149     84.159    499.854    21.4302   -410.648     85.525   -207.538
 0.0445179  0.0569059 -0.0598317    3.58081    21.4302   0.952678   -17.5387    3.72277   -9.06636
  -4.30866     6.8845  -0.337162    -69.222   -410.648   -17.5387    337.563   -70.1677    170.171
  0.444661  -0.375669  -0.135316    14.3609     85.525    3.72277   -70.1677    14.7315   -35.7912
  -1.39995    1.70091   0.157187   -34.8078   -207.538   -9.06636    170.171   -35.7912    87.0101
Updated Weight Matrix!
underflow!0.00347697
pos  0.270745   0.789822   0.429469 0.00347697   0.264205
GBVEC AND COST:  0.268034   0.791378   0.422493  0.0496904   0.303041 0.00955827
means:  0.128613
  0.049697
-0.0203215
   4.49826
 -0.438995
  -13.9985
   1.08783
  -4.20634
  -4.55248
before inversion:
    185.526     107.625     150.665     10789.9     3947.76     11077.5     6451.63     9741.42     6277.01
    107.625     64.9824     99.9711     6527.25     2544.57     7933.68     4031.92     6536.72     4310.98
    150.665     99.9711     184.895     10086.6     4472.33     16565.9     6674.86     12337.2     8449.36
    10789.9     6527.25     10086.6      980018      407877 1.43562e+06      624745 1.07995e+06      736937
    3947.76     2544.57     4472.33      407877      186085      732277      273229      516028      361232
    11077.5     7933.68     16565.9 1.43562e+06      732277 3.23036e+06 1.02365e+06 2.13123e+06 1.53222e+06
    6451.63     4031.92     6674.86      624745      273229 1.02365e+06      408984      742347      513809
    9741.42     6536.72     12337.2 1.07995e+06      516028 2.13123e+06      742347 1.46219e+06 1.03457e+06
    6277.01     4310.98     8449.36      736937      361232 1.53222e+06      513809 1.03457e+06      736770
after inv wt:
   26.3748   -63.1534     12.672    0.46192    4.37392 -0.0508673   -2.93585   0.105085  -0.601396
  -63.1534      151.6    -30.528  -0.142376   -4.82307   0.348465    2.35214   0.692897  -0.829768
    12.672    -30.528    6.19868  -0.258637  -0.707015  -0.136252   0.919403  -0.421548   0.839036
   0.46192  -0.142376  -0.258637     20.292    120.036    5.08122   -98.8029    20.4306    -49.502
   4.37392   -4.82307  -0.707015    120.036    711.406    30.2986   -585.014    121.346   -294.288
-0.0508673   0.348465  -0.136252    5.08122    30.2986    1.32876   -24.8395    5.23135   -12.7242
  -2.93585    2.35214   0.919402   -98.8029   -585.014   -24.8395    481.304   -99.6793    241.628
  0.105086   0.692897  -0.421548    20.4306    121.346    5.23135   -99.6793    20.8083   -50.5141
 -0.601396  -0.829767   0.839036    -49.502   -294.288   -12.7242    241.628   -50.5141    122.687
Updated Weight Matrix!
GBVEC AND COST:   0.26939   0.803876   0.427568  0.0463188   0.301059 0.00698581
means:  0.136971
 0.0509953
-0.0299786
   4.87189
 -0.381077
   -14.731
   1.26316
  -4.12878
  -4.65492
before inversion:
    185.362     107.524     150.542     10757.6     3937.54     11087.2     6432.49     9715.28     6267.45
    107.524      64.941     100.017     6507.63     2540.36     7960.42     4021.74     6528.62     4312.49
    150.542     100.017     185.457     10058.7     4474.26     16684.9     6666.12     12355.5     8479.87
    10757.6     6507.63     10058.7      971889      405015 1.43276e+06      619793 1.07231e+06      733111
    3937.54     2540.36     4474.26      405015      185419      735041      271721      514586      361143
    11087.2     7960.42     16684.9 1.43276e+06      735041 3.27122e+06  1.0245e+06 2.14206e+06 1.54471e+06
    6432.49     4021.74     6666.12      619793      271721  1.0245e+06      406129      738564      512348
    9715.28     6528.62     12355.5 1.07231e+06      514586 2.14206e+06      738564 1.45957e+06 1.03552e+06
    6267.45     4312.49     8479.87      733111      361143 1.54471e+06      512348 1.03552e+06      739577
after inv wt:
   27.9312   -66.8886    13.4183 0.00473302    1.77546  -0.174222  -0.754391  -0.374094   0.538098
  -66.8886    160.568   -32.3206    1.11278    2.33148   0.681044   -3.64535    1.99529   -3.93122
   13.4183   -32.3206    6.55722   -0.55545   -2.40317  -0.213209    2.33941  -0.725869    1.56466
0.00473185    1.11278   -0.55545    24.8833    146.839    6.18075   -121.004    24.9416   -60.3741
   1.77546    2.33149   -2.40317    146.839    867.933    36.7281    -714.64    147.702   -357.822
 -0.174223   0.681045  -0.213209    6.18075    36.7281    1.59488   -30.1606    6.31752   -15.3441
 -0.754385   -3.64536    2.33941   -121.004    -714.64   -30.1606    588.664   -121.501    294.226
 -0.374095    1.99529  -0.725869    24.9416    147.702    6.31752   -121.501    25.2526     -61.23
  0.538101   -3.93123    1.56466   -60.3741   -357.822   -15.3441    294.226     -61.23    148.527
Updated Weight Matrix!
underflow!0.00433815
pos  0.322969   0.767334   0.428882 0.00433815   0.407136
GBMAT after targeted PSO:
  0.312389   0.672897   0.672441   0.580401   0.155647      19036
  0.312389   0.672897   0.672441   0.580401   0.155647      19036
  0.226953   0.433176   0.245437   0.137567    0.34683    129.545
  0.226953   0.433176   0.245437   0.137567    0.34683    129.545
  0.226953   0.433176   0.245437   0.137567    0.34683    129.545
  0.258798   0.482549   0.283737   0.116463     0.3643    89.0681
  0.264874   0.642233   0.349093  0.0799741   0.297921    82.5184
  0.264874   0.642233   0.349093  0.0799741   0.297921    82.5184
   0.26072   0.602606   0.338753  0.0934853   0.312309    81.9623
  0.261916   0.631546   0.351758  0.0867262   0.305292    81.2694
  0.258366   0.620507   0.352182  0.0934732   0.312351    81.0576
  0.258366   0.620507   0.352182  0.0934732   0.312351    1.19656
  0.258366   0.620507   0.352182  0.0934732   0.312351    1.19656
  0.255384   0.717046   0.340841  0.0877892   0.203614   0.566243
  0.255384   0.717046   0.340841  0.0877892   0.203614   0.566243
  0.255384   0.717046   0.340841  0.0877892   0.203614   0.566243
  0.255384   0.717046   0.340841  0.0877892   0.203614   0.566243
  0.216044   0.652464   0.345373  0.0591835   0.241662   0.158332
  0.216044   0.652464   0.345373  0.0591835   0.241662   0.158332
  0.216044   0.652464   0.345373  0.0591835   0.241662   0.158332
  0.216044   0.652464   0.345373  0.0591835   0.241662   0.158332
  0.216044   0.652464   0.345373  0.0591835   0.241662   0.158332
  0.216044   0.652464   0.345373  0.0591835   0.241662   0.158332
  0.216044   0.652464   0.345373  0.0591835   0.241662   0.158332
  0.216044   0.652464   0.345373  0.0591835   0.241662   0.158332
  0.216044   0.652464   0.345373  0.0591835   0.241662   0.158332
  0.216044   0.652464   0.345373  0.0591835   0.241662   0.158332
  0.216044   0.652464   0.345373  0.0591835   0.241662   0.158332
  0.250719   0.681392   0.340656  0.0548722   0.241176  0.0880112
  0.250719   0.681392   0.340656  0.0548722   0.241176  0.0880112
  0.259855   0.708878    0.36007  0.0521792   0.264076  0.0387515
  0.259855   0.708878    0.36007  0.0521792   0.264076  0.0387515
  0.259855   0.708878    0.36007  0.0521792   0.264076  0.0387515
  0.259855   0.708878    0.36007  0.0521792   0.264076  0.0387515
  0.259855   0.789676   0.405125   0.030738   0.264076  0.0237553
  0.259855   0.789676   0.405125   0.030738   0.264076  0.0237553
  0.259855   0.789676   0.405125   0.030738   0.264076  0.0237553
  0.259855   0.789676   0.405125   0.030738   0.264076  0.0237553
  0.259855   0.789676   0.405125   0.030738   0.264076  0.0237553
  0.259855   0.789676   0.405125   0.030738   0.264076  0.0237553
  0.259855   0.789676   0.405125   0.030738   0.264076  0.0237553
  0.259855   0.789676   0.405125   0.030738   0.264076  0.0237553
  0.259855   0.789676   0.405125   0.030738   0.264076  0.0237553
  0.259855   0.789676   0.405125   0.030738   0.264076  0.0237553
  0.259855   0.789676   0.405125   0.030738   0.264076  0.0237553
  0.259855   0.789676   0.405125   0.030738   0.264076  0.0237553
  0.259855   0.789676   0.405125   0.030738   0.264076  0.0237553
  0.259855   0.789676   0.405125   0.030738   0.264076  0.0237553
  0.259855   0.789676   0.405125   0.030738   0.264076  0.0237553
  0.259855   0.789676   0.405125   0.030738   0.264076  0.0237553
  0.259855   0.789676   0.405125   0.030738   0.264076  0.0237553
  0.259855   0.789676   0.405125   0.030738   0.264076  0.0237553
  0.260752   0.789721   0.405056  0.0312898   0.263803  0.0235152
  0.260752   0.789721   0.405056  0.0312898   0.263803  0.0235152
  0.260752   0.789721   0.405056  0.0312898   0.263803  0.0235152
  0.260752   0.789721   0.405056  0.0312898   0.263803  0.0235152
  0.260752   0.789721   0.405056  0.0312898   0.263803  0.0235152
  0.260752   0.789721   0.405056  0.0312898   0.263803  0.0235152
  0.260752   0.789721   0.405056  0.0312898   0.263803  0.0235152
  0.260752   0.789721   0.405056  0.0312898   0.263803  0.0235152
  0.260752   0.789721   0.405056  0.0312898   0.263803  0.0235152
  0.260752   0.789721   0.405056  0.0312898   0.263803  0.0235152
  0.260752   0.789721   0.405056  0.0312898   0.263803  0.0235152
  0.260752   0.789721   0.405056  0.0312898   0.263803  0.0235152
  0.260752   0.789721   0.405056  0.0312898   0.263803  0.0235152
  0.260752   0.789721   0.405056  0.0312898   0.263803  0.0235152
  0.260752   0.789721   0.405056  0.0312898   0.263803  0.0235152
  0.260752   0.789721   0.405056  0.0312898   0.263803  0.0235152
  0.260752   0.789721   0.405056  0.0312898   0.263803  0.0235152
  0.260752   0.789721   0.405056  0.0312898   0.263803  0.0235152
  0.260752   0.789721   0.405056  0.0312898   0.263803  0.0235152
  0.260752   0.789721   0.405056  0.0312898   0.263803  0.0235152
  0.260752   0.789721   0.405056  0.0312898   0.263803  0.0235152
  0.260752   0.789721   0.405056  0.0312898   0.263803  0.0235152
  0.260752   0.789721   0.405056  0.0312898   0.263803  0.0235152
  0.260752   0.789721   0.405056  0.0312898   0.263803  0.0235152
  0.260752   0.789721   0.405056  0.0312898   0.263803  0.0235152
  0.260752   0.789721   0.405056  0.0312898   0.263803  0.0235152
  0.260752   0.789721   0.405056  0.0312898   0.263803  0.0235152
  0.260752   0.789721   0.405056  0.0312898   0.263803  0.0235152
  0.260752   0.789721   0.405056  0.0312898   0.263803  0.0235152
  0.260752   0.789721   0.405056  0.0312898   0.263803  0.0235152
  0.260752   0.789721   0.405056  0.0312898   0.263803  0.0235152
  0.260752   0.789721   0.405056  0.0312898   0.263803  0.0235152
  0.260752   0.789721   0.405056  0.0312898   0.263803  0.0235152
  0.260752   0.789721   0.405056  0.0312898   0.263803  0.0235152
  0.259229    0.78359   0.402406  0.0364881   0.260982  0.0224443
  0.259229    0.78359   0.402406  0.0364881   0.260982  0.0224443
  0.259229    0.78359   0.402406  0.0364881   0.260982  0.0224443
  0.259229    0.78359   0.402406  0.0364881   0.260982  0.0224443
  0.259229    0.78359   0.402406  0.0364881   0.260982  0.0224443
  0.259229    0.78359   0.402406  0.0364881   0.260982  0.0224443
  0.259229    0.78359   0.402406  0.0364881   0.260982  0.0224443
  0.259229    0.78359   0.402406  0.0364881   0.260982  0.0224443
  0.259229    0.78359   0.402406  0.0364881   0.260982  0.0224443
  0.259229    0.78359   0.402406  0.0364881   0.260982  0.0224443
  0.259229    0.78359   0.402406  0.0364881   0.260982  0.0224443
  0.260028   0.778258   0.403811  0.0350459   0.274282  0.0200717
  0.260028   0.778258   0.403811  0.0350459   0.274282  0.0200717
  0.260028   0.778258   0.403811  0.0350459   0.274282  0.0200717
  0.260028   0.778258   0.403811  0.0350459   0.274282  0.0200717
  0.260028   0.778258   0.403811  0.0350459   0.274282  0.0200717
   0.25883   0.779278   0.402462  0.0423301   0.268944  0.0153387
  0.259394   0.779181   0.402945  0.0396901   0.269391  0.0111734
  0.259394   0.779181   0.402945  0.0396901   0.269391  0.0111734
  0.259394   0.779181   0.402945  0.0396901   0.269391  0.0111734
  0.259394   0.779181   0.402945  0.0396901   0.269391  0.0111734
  0.259394   0.779181   0.402945  0.0396901   0.269391  0.0111734
  0.259394   0.779181   0.402945  0.0396901   0.269391  0.0111734
  0.259394   0.779181   0.402945  0.0396901   0.269391  0.0111734
  0.259394   0.779181   0.402945  0.0396901   0.269391  0.0111734
  0.259394   0.779181   0.402945  0.0396901   0.269391  0.0111734
  0.259394   0.779181   0.402945  0.0396901   0.269391  0.0111734
  0.259394   0.779181   0.402945  0.0396901   0.269391  0.0111734
  0.259394   0.779181   0.402945  0.0396901   0.269391  0.0111734
  0.259394   0.779181   0.402945  0.0396901   0.269391  0.0111734
  0.259394   0.779181   0.402945  0.0396901   0.269391  0.0111734
  0.259394   0.779181   0.402945  0.0396901   0.269391  0.0111734
  0.259394   0.779181   0.402945  0.0396901   0.269391  0.0111734
  0.259394   0.779181   0.402945  0.0396901   0.269391  0.0111734
  0.259394   0.779181   0.402945  0.0396901   0.269391  0.0111734
  0.259394   0.779181   0.402945  0.0396901   0.269391  0.0111734
  0.259394   0.779181   0.402945  0.0396901   0.269391  0.0111734
  0.259394   0.779181   0.402945  0.0396901   0.269391  0.0111734
  0.259394   0.779181   0.402945  0.0396901   0.269391  0.0111734
  0.259394   0.779181   0.402945  0.0396901   0.269391  0.0111734
  0.259394   0.779181   0.402945  0.0396901   0.269391  0.0111734
  0.259394   0.779181   0.402945  0.0396901   0.269391  0.0111734
  0.259394   0.779181   0.402945  0.0396901   0.269391  0.0111734
  0.259394   0.779181   0.402945  0.0396901   0.269391  0.0111734
  0.259394   0.779181   0.402945  0.0396901   0.269391  0.0111734
  0.259394   0.779181   0.402945  0.0396901   0.269391  0.0111734
  0.259394   0.779181   0.402945  0.0396901   0.269391  0.0111734
  0.259394   0.779181   0.402945  0.0396901   0.269391  0.0111734
  0.259394   0.779181   0.402945  0.0396901   0.269391  0.0111734
  0.259394   0.779181   0.402945  0.0396901   0.269391  0.0111734
  0.259394   0.779181   0.402945  0.0396901   0.269391  0.0111734
  0.259394   0.779181   0.402945  0.0396901   0.269391  0.0111734
  0.259394   0.779181   0.402945  0.0396901   0.269391  0.0111734
  0.259394   0.779181   0.402945  0.0396901   0.269391  0.0111734
  0.259394   0.779181   0.402945  0.0396901   0.269391  0.0111734
  0.259394   0.779181   0.402945  0.0396901   0.269391  0.0111734
  0.259394   0.779181   0.402945  0.0396901   0.269391  0.0111734
  0.259394   0.779181   0.402945  0.0396901   0.269391  0.0111734
  0.259394   0.779181   0.402945  0.0396901   0.269391  0.0111734
  0.258703   0.773146   0.398934  0.0404099   0.267408  0.0111178
  0.258703   0.773146   0.398934  0.0404099   0.267408  0.0111178
  0.258703   0.773146   0.398934  0.0404099   0.267408  0.0111178
  0.258703   0.773146   0.398934  0.0404099   0.267408  0.0111178
  0.258703   0.773146   0.398934  0.0404099   0.267408  0.0111178
  0.258703   0.773146   0.398934  0.0404099   0.267408  0.0111178
  0.258703   0.773146   0.398934  0.0404099   0.267408  0.0111178
  0.258703   0.773146   0.398934  0.0404099   0.267408  0.0111178
  0.258703   0.773146   0.398934  0.0404099   0.267408  0.0111178
  0.258703   0.773146   0.398934  0.0404099   0.267408  0.0111178
  0.258703   0.773146   0.398934  0.0404099   0.267408  0.0111178
  0.258703   0.773146   0.398934  0.0404099   0.267408  0.0111178
  0.258703   0.773146   0.398934  0.0404099   0.267408  0.0111178
  0.258703   0.773146   0.398934  0.0404099   0.267408  0.0111178
  0.258703   0.773146   0.398934  0.0404099   0.267408  0.0111178
  0.258703   0.773146   0.398934  0.0404099   0.267408  0.0111178
  0.258703   0.773146   0.398934  0.0404099   0.267408  0.0111178
  0.258703   0.773146   0.398934  0.0404099   0.267408  0.0111178
  0.258703   0.773146   0.398934  0.0404099   0.267408  0.0111178
  0.258323   0.778509   0.403928  0.0423115   0.269653  0.0102869
  0.258323   0.778509   0.403928  0.0423115   0.269653  0.0102869
  0.258323   0.778509   0.403928  0.0423115   0.269653  0.0102869
  0.258738   0.779071   0.403604  0.0420826   0.269388  0.0100235
  0.258738   0.779071   0.403604  0.0420826   0.269388  0.0100235
  0.258738   0.779071   0.403604  0.0420826   0.269388  0.0100235
  0.258738   0.779071   0.403604  0.0420826   0.269388  0.0100235
  0.258738   0.779071   0.403604  0.0420826   0.269388  0.0100235
  0.258738   0.779071   0.403604  0.0420826   0.269388  0.0100235
  0.258738   0.779071   0.403604  0.0420826   0.269388  0.0100235
  0.258738   0.779071   0.403604  0.0420826   0.269388  0.0100235
  0.258738   0.779071   0.403604  0.0420826   0.269388  0.0100235
  0.258738   0.779071   0.403604  0.0420826   0.269388  0.0100235
  0.258738   0.779071   0.403604  0.0420826   0.269388  0.0100235
  0.258738   0.779071   0.403604  0.0420826   0.269388  0.0100235
  0.258738   0.779071   0.403604  0.0420826   0.269388  0.0100235
  0.258738   0.779071   0.403604  0.0420826   0.269388  0.0100235
  0.258738   0.779071   0.403604  0.0420826   0.269388  0.0100235
  0.258738   0.779071   0.403604  0.0420826   0.269388  0.0100235
  0.258738   0.779071   0.403604  0.0420826   0.269388  0.0100235
  0.258738   0.779071   0.403604  0.0420826   0.269388  0.0100235
  0.258738   0.779071   0.403604  0.0420826   0.269388  0.0100235
  0.258738   0.779071   0.403604  0.0420826   0.269388  0.0100235
  0.258738   0.779071   0.403604  0.0420826   0.269388  0.0100235
  0.258738   0.779071   0.403604  0.0420826   0.269388  0.0100235
  0.258738   0.779071   0.403604  0.0420826   0.269388  0.0100235
  0.258738   0.779071   0.403604  0.0420826   0.269388  0.0100235
  0.258738   0.779071   0.403604  0.0420826   0.269388  0.0100235
  0.258738   0.779071   0.403604  0.0420826   0.269388  0.0100235
  0.258738   0.779071   0.403604  0.0420826   0.269388  0.0100235
  0.258738   0.779071   0.403604  0.0420826   0.269388  0.0100235
  0.258738   0.779071   0.403604  0.0420826   0.269388  0.0100235
  0.258738   0.779071   0.403604  0.0420826   0.269388  0.0100235
  0.258738   0.779071   0.403604  0.0420826   0.269388  0.0100235
  0.258738   0.779071   0.403604  0.0420826   0.269388  0.0100235
  0.258738   0.779071   0.403604  0.0420826   0.269388  0.0100235
  0.258738   0.779071   0.403604  0.0420826   0.269388  0.0100235
  0.258738   0.779071   0.403604  0.0420826   0.269388  0.0100235
  0.258738   0.779071   0.403604  0.0420826   0.269388  0.0100235
  0.258738   0.779071   0.403604  0.0420826   0.269388  0.0100235
  0.258738   0.779071   0.403604  0.0420826   0.269388  0.0100235
  0.258738   0.779071   0.403604  0.0420826   0.269388  0.0100235
  0.258738   0.779071   0.403604  0.0420826   0.269388  0.0100235
  0.258738   0.779071   0.403604  0.0420826   0.269388  0.0100235
  0.258738   0.779071   0.403604  0.0420826   0.269388  0.0100235
  0.258738   0.779071   0.403604  0.0420826   0.269388  0.0100235
  0.258738   0.779071   0.403604  0.0420826   0.269388  0.0100235
  0.258738   0.779071   0.403604  0.0420826   0.269388  0.0100235
  0.258738   0.779071   0.403604  0.0420826   0.269388  0.0100235
  0.258738   0.779071   0.403604  0.0420826   0.269388  0.0100235
  0.258738   0.779071   0.403604  0.0420826   0.269388  0.0100235
  0.261545   0.762332   0.397708  0.0520836   0.279057 0.00816815
  0.261545   0.762332   0.397708  0.0520836   0.279057 0.00816815
  0.261545   0.762332   0.397708  0.0520836   0.279057 0.00816815
  0.261545   0.762332   0.397708  0.0520836   0.279057 0.00816815
  0.261545   0.762332   0.397708  0.0520836   0.279057 0.00816815
  0.261545   0.762332   0.397708  0.0520836   0.279057 0.00816815
  0.261545   0.762332   0.397708  0.0520836   0.279057 0.00816815
  0.261545   0.762332   0.397708  0.0520836   0.279057 0.00816815
  0.261545   0.762332   0.397708  0.0520836   0.279057 0.00816815
  0.261545   0.762332   0.397708  0.0520836   0.279057 0.00816815
  0.261545   0.762332   0.397708  0.0520836   0.279057 0.00816815
  0.261545   0.762332   0.397708  0.0520836   0.279057 0.00816815
  0.261545   0.762332   0.397708  0.0520836   0.279057 0.00816815
  0.261545   0.762332   0.397708  0.0520836   0.279057 0.00816815
  0.261545   0.762332   0.397708  0.0520836   0.279057 0.00816815
  0.261545   0.762332   0.397708  0.0520836   0.279057 0.00816815
  0.261545   0.762332   0.397708  0.0520836   0.279057 0.00816815
  0.261545   0.762332   0.397708  0.0520836   0.279057 0.00816815
  0.261545   0.762332   0.397708  0.0520836   0.279057 0.00816815
  0.261545   0.762332   0.397708  0.0520836   0.279057 0.00816815
  0.261545   0.762332   0.397708  0.0520836   0.279057 0.00816815
  0.261545   0.762332   0.397708  0.0520836   0.279057 0.00816815
  0.261545   0.762332   0.397708  0.0520836   0.279057  0.0530796
  0.261545   0.762332   0.397708  0.0520836   0.279057  0.0530796
  0.261545   0.762332   0.397708  0.0520836   0.279057  0.0530796
  0.261545   0.762332   0.397708  0.0520836   0.279057  0.0530796
  0.261545   0.762332   0.397708  0.0520836   0.279057  0.0530796
  0.261545   0.762332   0.397708  0.0520836   0.279057  0.0530796
  0.261545   0.762332   0.397708  0.0520836   0.279057  0.0530796
  0.261545   0.762332   0.397708  0.0520836   0.279057  0.0530796
  0.261545   0.762332   0.397708  0.0520836   0.279057  0.0530796
  0.261545   0.762332   0.397708  0.0520836   0.279057  0.0530796
  0.261545   0.762332   0.397708  0.0520836   0.279057  0.0530796
  0.261545   0.762332   0.397708  0.0520836   0.279057  0.0530796
  0.261545   0.762332   0.397708  0.0520836   0.279057  0.0530796
  0.261545   0.762332   0.397708  0.0520836   0.279057  0.0530796
  0.261545   0.762332   0.397708  0.0520836   0.279057  0.0530796
  0.261545   0.762332   0.397708  0.0520836   0.279057  0.0530796
  0.261545   0.762332   0.397708  0.0520836   0.279057  0.0530796
  0.261545   0.762332   0.397708  0.0520836   0.279057  0.0530796
  0.261545   0.762332   0.397708  0.0520836   0.279057  0.0530796
  0.261545   0.762332   0.397708  0.0520836   0.279057  0.0530796
  0.261545   0.762332   0.397708  0.0520836   0.279057  0.0530796
  0.261545   0.762332   0.397708  0.0520836   0.279057  0.0530796
  0.261545   0.762332   0.397708  0.0520836   0.279057  0.0530796
  0.261545   0.762332   0.397708  0.0520836   0.279057  0.0530796
  0.261545   0.762332   0.397708  0.0520836   0.279057  0.0530796
  0.261545   0.762332   0.397708  0.0520836   0.279057  0.0530796
  0.261545   0.762332   0.397708  0.0520836   0.279057  0.0530796
  0.261545   0.762332   0.397708  0.0520836   0.279057  0.0530796
  0.261545   0.762332   0.397708  0.0520836   0.279057  0.0530796
  0.261545   0.762332   0.397708  0.0520836   0.279057  0.0530796
  0.261545   0.762332   0.397708  0.0520836   0.279057  0.0530796
  0.261545   0.762332   0.397708  0.0520836   0.279057  0.0530796
  0.261545   0.762332   0.397708  0.0520836   0.279057  0.0530796
  0.261545   0.762332   0.397708  0.0520836   0.279057  0.0530796
  0.261545   0.762332   0.397708  0.0520836   0.279057  0.0530796
  0.264471   0.767394   0.407935  0.0487282   0.297961  0.0223888
  0.264471   0.767394   0.407935  0.0487282   0.297961  0.0223888
  0.264471   0.767394   0.407935  0.0487282   0.297961  0.0223888
  0.264471   0.767394   0.407935  0.0487282   0.297961  0.0223888
  0.264471   0.767394   0.407935  0.0487282   0.297961  0.0223888
  0.264471   0.767394   0.407935  0.0487282   0.297961  0.0223888
  0.264471   0.767394   0.407935  0.0487282   0.297961  0.0223888
  0.264471   0.767394   0.407935  0.0487282   0.297961  0.0223888
  0.264471   0.767394   0.407935  0.0487282   0.297961  0.0223888
  0.264471   0.767394   0.407935  0.0487282   0.297961  0.0223888
  0.264471   0.767394   0.407935  0.0487282   0.297961  0.0223888
  0.264471   0.767394   0.407935  0.0487282   0.297961  0.0223888
  0.264471   0.767394   0.407935  0.0487282   0.297961  0.0223888
  0.264471   0.767394   0.407935  0.0487282   0.297961  0.0223888
  0.264471   0.767394   0.407935  0.0487282   0.297961  0.0223888
  0.264471   0.767394   0.407935  0.0487282   0.297961  0.0223888
  0.264471   0.767394   0.407935  0.0487282   0.297961  0.0223888
  0.264471   0.767394   0.407935  0.0487282   0.297961  0.0223888
  0.264471   0.767394   0.407935  0.0487282   0.297961  0.0223888
  0.264471   0.767394   0.407935  0.0487282   0.297961  0.0223888
  0.264471   0.767394   0.407935  0.0487282   0.297961  0.0223888
  0.264471   0.767394   0.407935  0.0487282   0.297961  0.0223888
  0.264471   0.767394   0.407935  0.0487282   0.297961  0.0223888
  0.264471   0.767394   0.407935  0.0487282   0.297961  0.0223888
  0.264471   0.767394   0.407935  0.0487282   0.297961  0.0223888
  0.264471   0.767394   0.407935  0.0487282   0.297961  0.0223888
  0.264471   0.767394   0.407935  0.0487282   0.297961  0.0223888
  0.264471   0.767394   0.407935  0.0487282   0.297961  0.0223888
  0.264471   0.767394   0.407935  0.0487282   0.297961  0.0223888
  0.264471   0.767394   0.407935  0.0487282   0.297961  0.0223888
  0.264471   0.767394   0.407935  0.0487282   0.297961  0.0223888
  0.264471   0.767394   0.407935  0.0487282   0.297961  0.0223888
  0.264471   0.767394   0.407935  0.0487282   0.297961  0.0223888
  0.264471   0.767394   0.407935  0.0487282   0.297961  0.0223888
  0.264471   0.767394   0.407935  0.0487282   0.297961  0.0223888
  0.264471   0.767394   0.407935  0.0487282   0.297961  0.0223888
  0.264471   0.767394   0.407935  0.0487282   0.297961  0.0223888
  0.264471   0.767394   0.407935  0.0487282   0.297961  0.0223888
  0.264471   0.767394   0.407935  0.0487282   0.297961  0.0223888
  0.264471   0.767394   0.407935  0.0487282   0.297961  0.0223888
  0.264471   0.767394   0.407935  0.0487282   0.297961  0.0223888
  0.264471   0.767394   0.407935  0.0487282   0.297961  0.0223888
  0.264471   0.767394   0.407935  0.0487282   0.297961  0.0223888
  0.264471   0.767394   0.407935  0.0487282   0.297961  0.0223888
  0.264471   0.767394   0.407935  0.0487282   0.297961  0.0223888
  0.264471   0.767394   0.407935  0.0487282   0.297961  0.0223888
  0.264471   0.767394   0.407935  0.0487282   0.297961  0.0223888
  0.264471   0.767394   0.407935  0.0487282   0.297961  0.0223888
  0.264471   0.767394   0.407935  0.0487282   0.297961  0.0223888
  0.264471   0.767394   0.407935  0.0487282   0.297961  0.0223888
  0.264471   0.767394   0.407935  0.0487282   0.297961  0.0223888
  0.264471   0.767394   0.407935  0.0487282   0.297961  0.0223888
  0.264471   0.767394   0.407935  0.0487282   0.297961  0.0223888
  0.264471   0.767394   0.407935  0.0487282   0.297961  0.0223888
  0.264471   0.767394   0.407935  0.0487282   0.297961  0.0223888
  0.264471   0.767394   0.407935  0.0487282   0.297961  0.0223888
  0.264471   0.767394   0.407935  0.0487282   0.297961  0.0223888
  0.264471   0.767394   0.407935  0.0487282   0.297961  0.0223888
  0.264471   0.767394   0.407935  0.0487282   0.297961  0.0223888
  0.264471   0.767394   0.407935  0.0487282   0.297961  0.0223888
  0.264471   0.767394   0.407935  0.0487282   0.297961  0.0223888
  0.264471   0.767394   0.407935  0.0487282   0.297961  0.0223888
  0.264471   0.767394   0.407935  0.0487282   0.297961  0.0223888
  0.264471   0.767394   0.407935  0.0487282   0.297961  0.0223888
  0.264471   0.767394   0.407935  0.0487282   0.297961  0.0223888
  0.264471   0.767394   0.407935  0.0487282   0.297961  0.0223888
  0.264471   0.767394   0.407935  0.0487282   0.297961  0.0223888
  0.264471   0.767394   0.407935  0.0487282   0.297961  0.0223888
  0.264471   0.767394   0.407935  0.0487282   0.297961  0.0223888
  0.264471   0.767394   0.407935  0.0487282   0.297961  0.0223888
  0.264471   0.767394   0.407935  0.0487282   0.297961  0.0223888
  0.264471   0.767394   0.407935  0.0487282   0.297961  0.0223888
  0.264471   0.767394   0.407935  0.0487282   0.297961  0.0223888
  0.264471   0.767394   0.407935  0.0487282   0.297961  0.0223888
  0.264471   0.767394   0.407935  0.0487282   0.297961  0.0223888
  0.264471   0.767394   0.407935  0.0487282   0.297961  0.0223888
  0.264471   0.767394   0.407935  0.0487282   0.297961  0.0223888
  0.264471   0.767394   0.407935  0.0487282   0.297961  0.0223888
  0.262901   0.767086   0.411165  0.0544783   0.299695  0.0222526
  0.262901   0.767086   0.411165  0.0544783   0.299695  0.0222526
  0.262095   0.767376   0.409653   0.050139   0.298731  0.0213708
  0.262095   0.767376   0.409653   0.050139   0.298731  0.0213708
  0.262095   0.767376   0.409653   0.050139   0.298731  0.0213708
  0.262095   0.767376   0.409653   0.050139   0.298731  0.0213708
  0.262095   0.767376   0.409653   0.050139   0.298731  0.0213708
  0.262095   0.767376   0.409653   0.050139   0.298731  0.0213708
  0.262095   0.767376   0.409653   0.050139   0.298731  0.0213708
  0.262095   0.767376   0.409653   0.050139   0.298731  0.0213708
  0.262095   0.767376   0.409653   0.050139   0.298731  0.0213708
  0.261877   0.771787   0.409588  0.0491906   0.292018   0.017604
  0.261877   0.771787   0.409588  0.0491906   0.292018   0.017604
  0.261877   0.771787   0.409588  0.0491906   0.292018   0.017604
  0.261877   0.771787   0.409588  0.0491906   0.292018   0.017604
  0.261877   0.771787   0.409588  0.0491906   0.292018   0.017604
  0.261877   0.771787   0.409588  0.0491906   0.292018   0.017604
  0.261877   0.771787   0.409588  0.0491906   0.292018   0.017604
  0.261877   0.771787   0.409588  0.0491906   0.292018   0.017604
  0.261877   0.771787   0.409588  0.0491906   0.292018   0.017604
  0.261877   0.771787   0.409588  0.0491906   0.292018   0.017604
  0.261877   0.771787   0.409588  0.0491906   0.292018   0.017604
  0.261877   0.771787   0.409588  0.0491906   0.292018   0.017604
  0.261877   0.771787   0.409588  0.0491906   0.292018   0.017604
  0.261877   0.771787   0.409588  0.0491906   0.292018   0.017604
  0.261877   0.771787   0.409588  0.0491906   0.292018   0.017604
  0.261877   0.771787   0.409588  0.0491906   0.292018   0.017604
  0.266218   0.777413   0.415809  0.0465364   0.303896  0.0157993
  0.266218   0.777413   0.415809  0.0465364   0.303896  0.0157993
  0.266218   0.777413   0.415809  0.0465364   0.303896  0.0157993
  0.266723   0.777856   0.415824  0.0465528   0.304851  0.0143833
  0.266723   0.777856   0.415824  0.0465528   0.304851  0.0143833
  0.266723   0.777856   0.415824  0.0465528   0.304851  0.0143833
  0.266723   0.777856   0.415824  0.0465528   0.304851  0.0143833
  0.266723   0.777856   0.415824  0.0465528   0.304851  0.0143833
  0.266723   0.777856   0.415824  0.0465528   0.304851  0.0143833
  0.266723   0.777856   0.415824  0.0465528   0.304851  0.0143833
  0.266723   0.777856   0.415824  0.0465528   0.304851  0.0143833
